0.1769378641035597166109027966740541160106658935546875000
0.3850470767487840229037487915775272995233535766601562500
0.6308559519577172647331053667585365474224090576171875000
0.5670869007804058004040825835545547306537628173828125000
0.5763694968702518517389421504049096256494522094726562500
0.5842098107407273088753640877257566899061203002929687500
0.8571043538821883078782093434710986912250518798828125000
0.5376483117165505865031605026160832494497299194335937500
0.7607664840757778490498708379163872450590133666992187500
0.1644243461860455113310308661311864852905273437500000000
0.1451086837916666372194640644011087715625762939453125000
0.1243067244078425170883406281063798815011978149414062500
0.1765103964921080903494043923274148255586624145507812500
0.0084750269643841802391648343473207205533981323242187500
0.3078881815630084561874468818132299929857254028320312500
0.5286321847347031921415805300057400017976760864257812500
0.8469836337936710313201160715834703296422958374023437500
0.4328810383285365270822353522817138582468032836914062500
0.1799189254760455991544176868046633899211883544921875000
0.8853864807900615474522965087089687585830688476562500000
0.9184984731861305373712411892483942210674285888671875000
0.1168351161660008408205158048076555132865905761718750000
0.7057102020333846370547803417139220982789993286132812500
0.8515199329401504924064170154451858252286911010742187500
0.2925083564957517978655232582241296768188476562500000000
0.9345793158923066945575897079834248870611190795898437500
0.9715911135875467952160988716059364378452301025390625000
0.4277728014714842208476852647436317056417465209960937500
0.4722331761017299900373700438649393618106842041015625000
0.3862834095757765595635646604932844638824462890625000000
0.2355446630990375433967187746020499616861343383789062500
0.1285540115118505299918183482077438384294509887695312500
0.9539215501884498182860738779709208756685256958007812500
0.9245362934553943423665600676031317561864852905273437500
0.4984140663490430611659576243255287408828735351562500000
0.9017083891697322828306937481102067977190017700195312500
0.5734032705564898746430912979121785610914230346679687500
0.9515730966218612918439134773507248610258102416992187500
0.3245919940117796276268791189067997038364410400390625000
0.9755645526980821768958662687509786337614059448242187500
0.0467849962328785728971070057014003396034240722656250000
0.3071516434443705145795888711290899664163589477539062500
0.8582517947225829502144733851309865713119506835937500000
0.1516455289048274091001644592324737459421157836914062500
0.4492658478042849123923474508046638220548629760742187500
0.5905450764338424640698121947934851050376892089843750000
0.6943768507165404280101483891485258936882019042968750000
0.3259137875840187881237852707272395491600036621093750000
0.5050830731609068369181159141589887440204620361328125000
0.7252286308420317073597516355221159756183624267578125000
0.9199931220963395439582654944388195872306823730468750000
0.1849831855542819480930916142824571579694747924804687500
0.9807212642923344159129328545532189309597015380859375000
0.3405978949915987596952504645742010325193405151367187500
0.7852350949378306133041860448429360985755920410156250000
0.9584795377966519591694805058068595826625823974609375000
0.4029596757709640320044286454503890126943588256835937500
0.8545869242310701885401158506283536553382873535156250000
0.4087092485155117138617697492009028792381286621093750000
0.6498453840478652931977876505698077380657196044921875000
0.5081571892049219218989719593082554638385772705078125000
0.1324231293069473291978965789894573390483856201171875000
0.0510927612059444147263320701313205063343048095703125000
0.0547980909296574836275794950779527425765991210937500000
0.6497556113960391011019623874744866043329238891601562500
0.9511917099316984369750116456998512148857116699218750000
0.4622118732197418866647353752341587096452713012695312500
0.9885406595222959724722500141069758683443069458007812500
0.5785226043781191984649581172561738640069961547851562500
0.6427214501677447344718530075624585151672363281250000000
0.2269950756900633859203253450687043368816375732421875000
0.2651129471295095019200971364625729620456695556640625000
0.9951692705075493305955092182557564228773117065429687500
0.6591409094504300236749827490712050348520278930664062500
0.1531690245319278220748060448386240750551223754882812500
0.8096625390496109408999814149865414947271347045898437500
0.4922221666656111382920357755210716277360916137695312500
0.4618029307509301517598032660316675901412963867187500000
0.5642561660267016998560052343236748129129409790039062500
0.6808781157371253112131626039627008140087127685546875000
0.3837013140509136777112075833429116755723953247070312500
0.5413473392973421338680850567470770329236984252929687500
0.5182449496582759440599375011515803635120391845703125000
0.0730821547887968714363182698434684425592422485351562500
0.2474910188802242894112737303657922893762588500976562500
0.4857214198494020918062119562819134443998336791992187500
0.0432061193231011442250633081130217760801315307617187500
0.7684185024968270827372407438815571367740631103515625000
0.2965597902238408245523260120535269379615783691406250000
0.2050864136299518358796944994537625461816787719726562500
0.7271439219726029135060230146336834877729415893554687500
0.8491418871840293869368565538024995476007461547851562500
0.1156927929587531211907958095252979546785354614257812500
0.9307393701612586278670846695604268461465835571289062500
0.6327177336848334165964047315355855971574783325195312500
0.9846436945447900601635637940489687025547027587890625000
0.5298682353439692072072375594871118664741516113281250000
0.2911835344581558127075027186947409063577651977539062500
0.3091835383421324134900487479171715676784515380859375000
0.2914106487794012601000304130138829350471496582031250000
0.1769378641035597166109027966740541160106658935546875000
0.3850470767487840229037487915775272995233535766601562500
0.6308559519577172647331053667585365474224090576171875000
0.5670869007804058004040825835545547306537628173828125000
0.5763694968702518517389421504049096256494522094726562500
0.5842098107407273088753640877257566899061203002929687500
0.8571043538821883078782093434710986912250518798828125000
0.5376483117165505865031605026160832494497299194335937500
0.7607664840757778490498708379163872450590133666992187500
0.1644243461860455113310308661311864852905273437500000000
0.1451086837916666372194640644011087715625762939453125000
0.1243067244078425170883406281063798815011978149414062500
0.1765103964921080903494043923274148255586624145507812500
0.0084750269643841802391648343473207205533981323242187500
0.3078881815630084561874468818132299929857254028320312500
0.5286321847347031921415805300057400017976760864257812500
0.8469836337936710313201160715834703296422958374023437500
0.4328810383285365270822353522817138582468032836914062500
0.1799189254760455991544176868046633899211883544921875000
0.8853864807900615474522965087089687585830688476562500000
0.9184984731861305373712411892483942210674285888671875000
0.1168351161660008408205158048076555132865905761718750000
0.7057102020333846370547803417139220982789993286132812500
0.8515199329401504924064170154451858252286911010742187500
0.2925083564957517978655232582241296768188476562500000000
0.9345793158923066945575897079834248870611190795898437500
0.9715911135875467952160988716059364378452301025390625000
0.4277728014714842208476852647436317056417465209960937500
0.4722331761017299900373700438649393618106842041015625000
0.3862834095757765595635646604932844638824462890625000000
0.2355446630990375433967187746020499616861343383789062500
0.1285540115118505299918183482077438384294509887695312500
0.9539215501884498182860738779709208756685256958007812500
0.9245362934553943423665600676031317561864852905273437500
0.4984140663490430611659576243255287408828735351562500000
0.9017083891697322828306937481102067977190017700195312500
0.5734032705564898746430912979121785610914230346679687500
0.9515730966218612918439134773507248610258102416992187500
0.3245919940117796276268791189067997038364410400390625000
0.9755645526980821768958662687509786337614059448242187500
0.0467849962328785728971070057014003396034240722656250000
0.3071516434443705145795888711290899664163589477539062500
0.8582517947225829502144733851309865713119506835937500000
0.1516455289048274091001644592324737459421157836914062500
0.4492658478042849123923474508046638220548629760742187500
0.5905450764338424640698121947934851050376892089843750000
0.6943768507165404280101483891485258936882019042968750000
0.3259137875840187881237852707272395491600036621093750000
0.5050830731609068369181159141589887440204620361328125000
0.7252286308420317073597516355221159756183624267578125000
0.9199931220963395439582654944388195872306823730468750000
0.1849831855542819480930916142824571579694747924804687500
0.9807212642923344159129328545532189309597015380859375000
0.3405978949915987596952504645742010325193405151367187500
0.7852350949378306133041860448429360985755920410156250000
0.9584795377966519591694805058068595826625823974609375000
0.4029596757709640320044286454503890126943588256835937500
0.8545869242310701885401158506283536553382873535156250000
0.4087092485155117138617697492009028792381286621093750000
0.6498453840478652931977876505698077380657196044921875000
0.5081571892049219218989719593082554638385772705078125000
0.1324231293069473291978965789894573390483856201171875000
0.0510927612059444147263320701313205063343048095703125000
0.0547980909296574836275794950779527425765991210937500000
0.6497556113960391011019623874744866043329238891601562500
0.9511917099316984369750116456998512148857116699218750000
0.4622118732197418866647353752341587096452713012695312500
0.9885406595222959724722500141069758683443069458007812500
0.5785226043781191984649581172561738640069961547851562500
0.6427214501677447344718530075624585151672363281250000000
0.2269950756900633859203253450687043368816375732421875000
0.2651129471295095019200971364625729620456695556640625000
0.9951692705075493305955092182557564228773117065429687500
0.6591409094504300236749827490712050348520278930664062500
0.1531690245319278220748060448386240750551223754882812500
0.8096625390496109408999814149865414947271347045898437500
0.4922221666656111382920357755210716277360916137695312500
0.4618029307509301517598032660316675901412963867187500000
0.5642561660267016998560052343236748129129409790039062500
0.6808781157371253112131626039627008140087127685546875000
0.3837013140509136777112075833429116755723953247070312500
0.5413473392973421338680850567470770329236984252929687500
0.5182449496582759440599375011515803635120391845703125000
0.0730821547887968714363182698434684425592422485351562500
0.2474910188802242894112737303657922893762588500976562500
0.4857214198494020918062119562819134443998336791992187500
0.0432061193231011442250633081130217760801315307617187500
0.7684185024968270827372407438815571367740631103515625000
0.2965597902238408245523260120535269379615783691406250000
0.2050864136299518358796944994537625461816787719726562500
0.7271439219726029135060230146336834877729415893554687500
0.8491418871840293869368565538024995476007461547851562500
0.1156927929587531211907958095252979546785354614257812500
0.9307393701612586278670846695604268461465835571289062500
0.6327177336848334165964047315355855971574783325195312500
0.9846436945447900601635637940489687025547027587890625000
0.5298682353439692072072375594871118664741516113281250000
0.2911835344581558127075027186947409063577651977539062500
0.3091835383421324134900487479171715676784515380859375000
0.2914106487794012601000304130138829350471496582031250000

