0.8527068224570280
0.2957659743668310
0.7818024989609140
0.1319424878440880
0.4621027194646990
0.2829913303515450
0.4550920789753830
0.7593864517414900
0.7689062715817560
0.9661480263115870
0.0546675333244017
0.5253833863186840
0.6203805840387280
0.6141369676226070
0.5614253911578010
0.2041746491392510
0.3739648335482730
0.8905832031661140
0.0900309084692352
0.7539093496142140
0.5914282358597820
0.8495122262763060
0.7496284383076490
0.4009125850545350
0.8664981697867070
0.9801644895961440
0.0677261841877220
0.1652887422965080
0.4035527037319890
0.0806230943579711
0.8664023933264170
0.3083912541962550
0.9164130742629490
0.7577033667383710
0.4362154673619200
0.6730730740611280
0.3122072537660130
0.4516180035711550
0.3343189958136640
0.7469375487872650
0.1726346070745120
0.9698362210983600
0.3035673137017260
0.3773493419322710
0.1378306859375860
0.7720415317854380
0.0334776472360849
0.2508960472940810
0.7159654316532190
0.8519548503478840
0.5344727359921960
0.8263479276645290
0.8144161856729620
0.5294798782596950
0.2828521100861270
0.3279516702357230
0.8767536686566660
0.7097695338657410
0.3830546214035810
0.0251240125898539
0.6881845214680150
0.5105860202090340
0.9789497084637050
0.8440380379676350
0.0638677711859775
0.1493899417698980
0.9212095930121910
0.8520454114553600
0.6340695237440490
0.9004000801543290
0.6640682303758910
0.4345008257371130
0.4450826021380150
0.5851601480664240
0.5624906843385950
0.4974968393536570
0.9004831842380720
0.0684643619050001
0.6317334984416620
0.0011311142890040
0.1108007187199040
0.5381755064729740
0.8880970843354380
0.3883823884463700
0.8867280996914860
0.0049250656888296
0.8019937510900320
0.6456417062531800
0.3651748874091150
0.6749364649891950
0.6997133386244760
0.3776756364987460
0.0633743809625055
0.7219986055382490
0.2980522919474270
0.2612388337030640
0.6991633344762180
0.6459617303822980
0.6901600027330580
0.1576816935246930
0.8409676317754670
0.6840138928619210
0.8244408026699160
0.8103259996864570
0.4019630217656640
0.4845664153537640
0.3613458144922070
0.4153036472541900
0.6625784819997400
0.2432570643994340
0.9716986915060480
0.8976181396243050
0.3026922965121000
0.9941731672738660
0.1821358979203460
0.1868897198794760
0.7509667275940570
0.1463949841343960
0.6634522622842070
0.7090998208477310
0.9053292637156550
0.4721089050753870
0.9013643210565130
0.4356171949387710
0.6784371297038380
0.5016128028614200
0.8330355151324550
0.8085342141453240
0.9596731276764230
0.9390525851322710
0.7943194257961380
0.2583234970248920
0.0033522470699171
0.2057531401019650
0.0925006729819514
0.7367480132923140
0.3437860196450300
0.8163595564820250
0.8884292418126530
0.5046814675436100
0.0148894046340153
0.6216738808622160
0.9712885552287480
0.5434150700960050
0.9567500388461340
0.4453450198617270
0.7602777804817840
0.3136154922452700
0.4420348800751310
0.9665971685539240
0.5394141776683390
0.8712976895474730
0.8819861978494330
0.2182331650128960
0.2912389903216740
0.2748037849516070
0.1344279124542950
0.5892397094017750
0.7430265091320000
0.3401536435178730
0.4126749236095100
0.0242880304991034
0.0452557203742043
0.6569153899634400
0.0286415811930160
0.0237662977216983
0.1033982493519640
0.0223050503009609
0.5188185457574020
0.1091983558029450
0.8635361923261670
0.3841151637702500
0.4635536846945660
0.6832508015657140
0.8713661978011030
0.2376739244145660
0.5021886670180490
0.4472219375958460
0.4881738116486210
0.6398311737530420
0.2304016162420280
0.9148950365593560
0.8235400682675860
0.0697202183511992
0.7781917109237110
0.0520431496868801
0.9203524004265330
0.3551216042043450
0.4159395282732820
0.3331484548150980
0.5328865509556610
0.7615061991284790
0.2757672217753320
0.4761851288801300
0.0051204059300878
0.7454301839524500
0.3652340292211060
0.5979654117026900
0.4793027521704200
0.3775621413785550
