2005.9	3
2007.5	89
2007.5	115
2007.5	126
2007.5	183
2007.55	140
2007.6	76
2007.6	85
2007.6	95
2007.6	148
2007.6	156
2007.6	158
2007.6	174
2007.6	196
2007.6	199
2007.65	110
2007.65	128
2007.65	141
2007.65	152
2007.65	191
2007.65	194
2007.65	195
2007.65	198
2007.7	70
2007.7	88
2007.7	90
2007.7	98
2007.7	102
2007.7	109
2007.7	113
2007.7	116
2007.7	121
2007.7	135
2007.7	138
2007.7	146
2007.7	153
2007.7	171
2007.7	181
2007.75	55
2007.75	56
2007.75	65
2007.75	71
2007.75	73
2007.75	84
2007.75	91
2007.75	117
2007.75	118
2007.75	149
2007.75	154
2007.75	155
2007.75	165
2007.75	167
2007.75	169
2007.75	186
2007.75	189
2007.75	192
2007.8	28
2007.8	32
2007.8	53
2007.8	61
2007.8	68
2007.8	78
2007.8	103
2007.8	107
2007.8	111
2007.8	114
2007.8	119
2007.8	122
2007.8	123
2007.8	124
2007.8	130
2007.8	131
2007.8	137
2007.8	150
2007.8	151
2007.8	168
2007.8	177
2007.8	184
2007.8	188
2007.85	39
2007.85	41
2007.85	43
2007.85	45
2007.85	59
2007.85	97
2007.85	105
2007.85	108
2007.85	125
2007.85	144
2007.85	145
2007.85	147
2007.85	161
2007.85	163
2007.85	164
2007.85	170
2007.85	173
2007.85	175
2007.85	178
2007.85	179
2007.9	23
2007.9	33
2007.9	40
2007.9	66
2007.9	67
2007.9	72
2007.9	77
2007.9	82
2007.9	100
2007.9	101
2007.9	139
2007.9	143
2007.9	166
2007.9	176
2007.95	4
2007.95	16
2007.95	37
2007.95	44
2007.95	48
2007.95	86
2007.95	87
2007.95	94
2007.95	104
2007.95	106
2007.95	112
2007.95	120
2007.95	157
2007.95	180
2007.95	187
2007.95	190
2007.95	193
2008	18
2008	29
2008	51
2008	132
2008	136
2008	159
2008	162
2008	172
2008.05	38
2008.05	49
2008.05	58
2008.05	63
2008.05	64
2008.05	92
2008.05	99
2008.05	160
2008.05	182
2008.1	6
2008.1	7
2008.1	17
2008.1	34
2008.1	50
2008.1	52
2008.1	57
2008.1	62
2008.1	69
2008.1	79
2008.1	93
2008.1	129
2008.15	14
2008.15	96
2008.15	142
2008.15	185
2008.2	19
2008.2	20
2008.2	31
2008.2	42
2008.2	54
2008.2	127
2008.2	134
2008.25	5
2008.25	12
2008.25	25
2008.25	46
2008.25	74
2008.25	81
2008.25	197
2008.3	13
2008.3	15
2008.3	26
2008.3	30
2008.3	35
2008.3	75
2008.3	133
2008.35	10
2008.35	21
2008.35	22
2008.35	83
2008.4	11
2008.4	24
2008.4	27
2008.4	60
2008.4	80
2008.45	2
2008.45	36
2008.5	9
2008.5	47
2008.55	1
2008.65	8
2008.7	0
2019.45	3
2021.75	4
2021.95	183
2022	89
2022	115
2022.05	174
2022.1	95
2022.1	126
2022.15	76
2022.15	85
2022.15	140
2022.15	199
2022.2	55
2022.2	56
2022.2	110
2022.2	113
2022.2	121
2022.2	128
2022.2	141
2022.2	146
2022.2	148
2022.2	152
2022.2	156
2022.2	158
2022.2	191
2022.2	194
2022.2	196
2022.25	43
2022.25	65
2022.25	73
2022.25	88
2022.25	90
2022.25	91
2022.25	98
2022.25	147
2022.25	167
2022.25	192
2022.25	195
2022.25	198
2022.3	28
2022.3	32
2022.3	59
2022.3	68
2022.3	70
2022.3	97
2022.3	102
2022.3	116
2022.3	124
2022.3	138
2022.3	144
2022.3	145
2022.3	149
2022.3	154
2022.3	155
2022.3	171
2022.3	173
2022.3	178
2022.3	181
2022.3	186
2022.35	39
2022.35	71
2022.35	103
2022.35	109
2022.35	117
2022.35	118
2022.35	123
2022.35	125
2022.35	130
2022.35	131
2022.35	135
2022.35	151
2022.35	153
2022.35	165
2022.35	169
2022.35	170
2022.35	177
2022.35	184
2022.35	189
2022.4	16
2022.4	33
2022.4	53
2022.4	61
2022.4	72
2022.4	78
2022.4	84
2022.4	86
2022.4	87
2022.4	111
2022.4	114
2022.4	119
2022.4	122
2022.4	137
2022.4	150
2022.4	157
2022.4	163
2022.4	168
2022.4	175
2022.4	179
2022.4	188
2022.45	18
2022.45	23
2022.45	40
2022.45	41
2022.45	45
2022.45	66
2022.45	101
2022.45	105
2022.45	107
2022.45	120
2022.45	161
2022.45	164
2022.45	166
2022.45	187
2022.5	2
2022.5	44
2022.5	49
2022.5	51
2022.5	77
2022.5	82
2022.5	100
2022.5	104
2022.5	108
2022.5	112
2022.5	132
2022.5	136
2022.5	143
2022.5	176
2022.5	180
2022.55	6
2022.55	7
2022.55	17
2022.55	37
2022.55	38
2022.55	63
2022.55	67
2022.55	94
2022.55	106
2022.55	129
2022.55	139
2022.55	162
2022.55	182
2022.55	185
2022.55	190
2022.55	193
2022.6	29
2022.6	48
2022.6	58
2022.6	64
2022.6	92
2022.6	99
2022.6	159
2022.6	160
2022.6	172
2022.65	14
2022.65	34
2022.65	50
2022.65	54
2022.65	57
2022.65	62
2022.65	69
2022.65	79
2022.65	142
2022.7	13
2022.7	19
2022.7	20
2022.7	21
2022.7	22
2022.7	52
2022.7	93
2022.7	134
2022.75	5
2022.75	26
2022.75	31
2022.75	42
2022.75	46
2022.75	81
2022.75	96
2022.75	127
2022.75	133
2022.75	197
2022.8	12
2022.8	15
2022.8	30
2022.8	35
2022.8	75
2022.85	10
2022.85	24
2022.85	25
2022.85	27
2022.85	60
2022.85	74
2022.85	80
2022.9	9
2022.9	11
2022.9	36
2022.9	83
2022.95	1
2023	0
2023	47
2023.05	8
2033.05	3
2035.55	4
2036.45	183
2036.5	89
2036.5	115
2036.55	2
2036.55	174
2036.6	95
2036.6	147
2036.65	43
2036.65	56
2036.65	76
2036.65	98
2036.7	55
2036.7	113
2036.7	121
2036.7	126
2036.7	140
2036.7	146
2036.7	167
2036.7	192
2036.7	194
2036.7	199
2036.75	28
2036.75	59
2036.75	65
2036.75	73
2036.75	85
2036.75	90
2036.75	91
2036.75	124
2036.75	141
2036.75	144
2036.75	145
2036.75	152
2036.75	158
2036.75	196
2036.8	32
2036.8	88
2036.8	97
2036.8	110
2036.8	125
2036.8	128
2036.8	148
2036.8	156
2036.8	170
2036.8	173
2036.8	178
2036.8	191
2036.85	39
2036.85	68
2036.85	70
2036.85	86
2036.85	103
2036.85	138
2036.85	149
2036.85	154
2036.85	157
2036.85	171
2036.85	181
2036.85	186
2036.85	187
2036.85	195
2036.85	198
2036.9	16
2036.9	18
2036.9	33
2036.9	51
2036.9	66
2036.9	71
2036.9	72
2036.9	87
2036.9	102
2036.9	116
2036.9	117
2036.9	118
2036.9	120
2036.9	130
2036.9	131
2036.9	135
2036.9	151
2036.9	155
2036.9	163
2036.9	165
2036.9	169
2036.9	175
2036.9	184
2036.9	185
2036.95	49
2036.95	61
2036.95	84
2036.95	109
2036.95	112
2036.95	114
2036.95	119
2036.95	123
2036.95	132
2036.95	136
2036.95	137
2036.95	150
2036.95	153
2036.95	164
2036.95	166
2036.95	168
2036.95	177
2036.95	179
2036.95	188
2036.95	189
2037	23
2037	38
2037	40
2037	41
2037	53
2037	78
2037	101
2037	104
2037	107
2037	111
2037	122
2037	129
2037	180
2037	182
2037.05	6
2037.05	7
2037.05	13
2037.05	14
2037.05	17
2037.05	34
2037.05	44
2037.05	45
2037.05	54
2037.05	63
2037.05	77
2037.05	82
2037.05	94
2037.05	100
2037.05	105
2037.05	108
2037.05	143
2037.05	161
2037.05	176
2037.1	21
2037.1	22
2037.1	37
2037.1	58
2037.1	67
2037.1	92
2037.1	106
2037.1	134
2037.1	139
2037.1	142
2037.1	160
2037.1	162
2037.1	190
2037.15	20
2037.15	26
2037.15	29
2037.15	48
2037.15	64
2037.15	69
2037.15	99
2037.15	127
2037.15	159
2037.15	172
2037.15	193
2037.2	5
2037.2	15
2037.2	19
2037.2	27
2037.2	35
2037.2	46
2037.2	50
2037.2	57
2037.2	62
2037.2	75
2037.2	79
2037.2	81
2037.2	133
2037.2	197
2037.25	9
2037.25	30
2037.25	42
2037.25	52
2037.25	80
2037.25	93
2037.3	0
2037.3	1
2037.3	10
2037.3	24
2037.3	31
2037.3	60
2037.3	74
2037.3	96
2037.35	11
2037.35	12
2037.35	25
2037.35	36
2037.35	83
2037.4	8
2037.45	47
2046.65	3
2049.35	4
2050.55	2
2050.95	183
2051	115
2051	147
2051.05	43
2051.05	89
2051.05	174
2051.1	56
2051.1	95
2051.1	98
2051.15	55
2051.15	76
2051.15	124
2051.15	192
2051.2	59
2051.2	113
2051.2	121
2051.2	144
2051.2	146
2051.2	167
2051.2	194
2051.25	28
2051.25	65
2051.25	73
2051.25	85
2051.25	86
2051.25	91
2051.25	125
2051.25	126
2051.25	140
2051.25	145
2051.25	157
2051.25	170
2051.25	185
2051.25	199
2051.3	32
2051.3	90
2051.3	97
2051.3	120
2051.3	141
2051.3	152
2051.3	158
2051.3	173
2051.3	178
2051.3	187
2051.35	16
2051.35	18
2051.35	39
2051.35	51
2051.35	66
2051.35	68
2051.35	70
2051.35	72
2051.35	88
2051.35	103
2051.35	110
2051.35	128
2051.35	136
2051.35	138
2051.35	148
2051.35	154
2051.35	156
2051.35	186
2051.35	191
2051.35	196
2051.4	13
2051.4	33
2051.4	38
2051.4	49
2051.4	87
2051.4	112
2051.4	129
2051.4	131
2051.4	132
2051.4	149
2051.4	155
2051.4	163
2051.4	166
2051.4	171
2051.4	175
2051.4	181
2051.4	182
2051.4	184
2051.4	195
2051.45	21
2051.45	22
2051.45	54
2051.45	71
2051.45	102
2051.45	104
2051.45	117
2051.45	118
2051.45	119
2051.45	130
2051.45	135
2051.45	151
2051.45	165
2051.45	168
2051.45	169
2051.45	177
2051.45	179
2051.45	198
2051.5	6
2051.5	7
2051.5	14
2051.5	17
2051.5	26
2051.5	27
2051.5	34
2051.5	40
2051.5	41
2051.5	44
2051.5	61
2051.5	63
2051.5	84
2051.5	107
2051.5	114
2051.5	116
2051.5	123
2051.5	137
2051.5	142
2051.5	150
2051.5	153
2051.5	164
2051.5	180
2051.5	188
2051.5	189
2051.55	23
2051.55	45
2051.55	53
2051.55	77
2051.55	78
2051.55	82
2051.55	94
2051.55	100
2051.55	101
2051.55	108
2051.55	109
2051.55	122
2051.55	127
2051.55	134
2051.55	143
2051.55	161
2051.6	0
2051.6	15
2051.6	20
2051.6	35
2051.6	46
2051.6	58
2051.6	67
2051.6	69
2051.6	75
2051.6	80
2051.6	81
2051.6	92
2051.6	105
2051.6	106
2051.6	111
2051.6	133
2051.6	139
2051.6	160
2051.6	162
2051.6	176
2051.6	190
2051.6	197
2051.65	5
2051.65	9
2051.65	19
2051.65	29
2051.65	30
2051.65	37
2051.65	42
2051.65	48
2051.65	57
2051.65	64
2051.65	99
2051.65	159
2051.65	172
2051.65	193
2051.7	1
2051.7	8
2051.7	10
2051.7	24
2051.7	50
2051.7	60
2051.7	62
2051.7	79
2051.7	93
2051.75	11
2051.75	31
2051.75	36
2051.75	52
2051.75	74
2051.75	83
2051.8	12
2051.8	25
2051.8	96
2051.85	47
2060.2	3
2063.15	4
2064.6	2
2065.4	147
2065.5	43
2065.55	98
2065.55	115
2065.55	183
2065.6	124
2065.6	174
2065.6	192
2065.65	56
2065.65	76
2065.65	89
2065.65	95
2065.65	157
2065.65	185
2065.7	55
2065.7	86
2065.7	113
2065.7	120
2065.7	125
2065.7	146
2065.7	167
2065.7	194
2065.75	28
2065.75	51
2065.75	59
2065.75	73
2065.75	91
2065.75	121
2065.75	136
2065.75	144
2065.75	145
2065.75	170
2065.75	187
2065.75	199
2065.8	32
2065.8	38
2065.8	65
2065.8	66
2065.8	85
2065.8	90
2065.8	97
2065.8	126
2065.8	129
2065.8	140
2065.8	166
2065.85	13
2065.85	18
2065.85	21
2065.85	22
2065.85	26
2065.85	27
2065.85	68
2065.85	70
2065.85	72
2065.85	88
2065.85	103
2065.85	104
2065.85	112
2065.85	132
2065.85	138
2065.85	141
2065.85	152
2065.85	154
2065.85	158
2065.85	173
2065.85	178
2065.85	182
2065.85	186
2065.85	191
2065.85	196
2065.9	0
2065.9	14
2065.9	16
2065.9	34
2065.9	39
2065.9	49
2065.9	54
2065.9	110
2065.9	128
2065.9	131
2065.9	142
2065.9	149
2065.9	155
2065.9	156
2065.9	163
2065.9	171
2065.9	175
2065.9	179
2065.9	184
2065.95	33
2065.95	40
2065.95	41
2065.95	44
2065.95	71
2065.95	81
2065.95	87
2065.95	102
2065.95	107
2065.95	117
2065.95	118
2065.95	119
2065.95	127
2065.95	130
2065.95	134
2065.95	135
2065.95	148
2065.95	151
2065.95	164
2065.95	165
2065.95	168
2065.95	169
2065.95	177
2065.95	181
2065.95	195
2065.95	198
2066	6
2066	7
2066	15
2066	17
2066	20
2066	35
2066	46
2066	61
2066	63
2066	69
2066	75
2066	77
2066	80
2066	108
2066	114
2066	116
2066	123
2066	133
2066	137
2066	143
2066	153
2066	180
2066	188
2066	189
2066	197
2066.05	1
2066.05	8
2066.05	9
2066.05	10
2066.05	19
2066.05	23
2066.05	30
2066.05	42
2066.05	45
2066.05	53
2066.05	60
2066.05	78
2066.05	82
2066.05	84
2066.05	92
2066.05	94
2066.05	100
2066.05	101
2066.05	106
2066.05	122
2066.05	150
2066.05	161
2066.05	190
2066.1	5
2066.1	11
2066.1	24
2066.1	29
2066.1	36
2066.1	48
2066.1	57
2066.1	58
2066.1	64
2066.1	67
2066.1	74
2066.1	83
2066.1	99
2066.1	105
2066.1	109
2066.1	111
2066.1	139
2066.1	160
2066.1	162
2066.1	172
2066.1	176
2066.15	37
2066.15	50
2066.15	62
2066.15	79
2066.15	93
2066.15	159
2066.15	193
2066.2	31
2066.2	47
2066.2	52
2066.2	96
2066.25	12
2066.25	25
2073.8	3
2076.95	4
2078.65	2
2079.85	147
2079.95	43
2080	98
2080.05	185
2080.05	192
2080.1	115
2080.1	124
2080.1	157
2080.1	183
2080.15	26
2080.15	27
2080.15	55
2080.15	56
2080.15	76
2080.15	86
2080.15	95
2080.15	120
2080.15	136
2080.15	174
2080.15	187
2080.2	0
2080.2	51
2080.2	73
2080.2	89
2080.2	113
2080.2	125
2080.2	167
2080.2	170
2080.2	194
2080.25	13
2080.25	21
2080.25	22
2080.25	28
2080.25	38
2080.25	59
2080.25	66
2080.25	104
2080.25	121
2080.25	129
2080.25	144
2080.25	145
2080.25	146
2080.25	166
2080.25	182
2080.25	199
2080.3	32
2080.3	34
2080.3	54
2080.3	68
2080.3	72
2080.3	85
2080.3	91
2080.3	97
2080.3	112
2080.3	126
2080.3	132
2080.3	138
2080.3	140
2080.3	142
2080.35	8
2080.35	14
2080.35	15
2080.35	18
2080.35	65
2080.35	70
2080.35	75
2080.35	81
2080.35	88
2080.35	90
2080.35	103
2080.35	127
2080.35	131
2080.35	134
2080.35	141
2080.35	152
2080.35	154
2080.35	155
2080.35	158
2080.35	163
2080.35	178
2080.35	186
2080.35	191
2080.35	196
2080.4	1
2080.4	9
2080.4	16
2080.4	20
2080.4	33
2080.4	35
2080.4	39
2080.4	41
2080.4	44
2080.4	46
2080.4	49
2080.4	69
2080.4	80
2080.4	107
2080.4	110
2080.4	128
2080.4	133
2080.4	135
2080.4	149
2080.4	151
2080.4	171
2080.4	173
2080.4	175
2080.4	179
2080.4	184
2080.4	197
2080.45	6
2080.45	7
2080.45	10
2080.45	19
2080.45	24
2080.45	30
2080.45	36
2080.45	40
2080.45	42
2080.45	60
2080.45	61
2080.45	63
2080.45	71
2080.45	77
2080.45	87
2080.45	102
2080.45	108
2080.45	114
2080.45	117
2080.45	118
2080.45	119
2080.45	130
2080.45	137
2080.45	143
2080.45	148
2080.45	156
2080.45	164
2080.45	165
2080.45	168
2080.45	169
2080.45	177
2080.45	180
2080.45	181
2080.45	188
2080.45	195
2080.45	198
2080.5	11
2080.5	17
2080.5	23
2080.5	29
2080.5	58
2080.5	74
2080.5	78
2080.5	82
2080.5	83
2080.5	84
2080.5	92
2080.5	94
2080.5	100
2080.5	101
2080.5	106
2080.5	116
2080.5	122
2080.5	123
2080.5	150
2080.5	153
2080.5	161
2080.5	162
2080.5	189
2080.5	190
2080.55	5
2080.55	45
2080.55	47
2080.55	48
2080.55	53
2080.55	57
2080.55	64
2080.55	67
2080.55	93
2080.55	99
2080.55	105
2080.55	139
2080.55	160
2080.55	172
2080.55	176
2080.6	31
2080.6	37
2080.6	50
2080.6	62
2080.6	79
2080.6	109
2080.6	111
2080.6	159
2080.6	193
2080.65	12
2080.65	25
2080.65	52
2080.65	96
2087.4	3
2090.75	4
2092.7	2
2094.35	147
2094.4	43
2094.45	185
2094.5	0
2094.5	26
2094.5	27
2094.5	98
2094.5	192
2094.55	124
2094.55	136
2094.6	86
2094.6	120
2094.6	157
2094.6	187
2094.65	8
2094.65	13
2094.65	21
2094.65	22
2094.65	38
2094.65	51
2094.65	55
2094.65	76
2094.65	95
2094.65	104
2094.65	115
2094.65	174
2094.65	183
2094.7	28
2094.7	54
2094.7	56
2094.7	59
2094.7	66
2094.7	73
2094.7	75
2094.7	112
2094.7	113
2094.7	125
2094.7	127
2094.7	129
2094.7	142
2094.7	166
2094.7	170
2094.7	182
2094.7	194
2094.75	14
2094.75	15
2094.75	34
2094.75	72
2094.75	81
2094.75	85
2094.75	89
2094.75	121
2094.75	132
2094.75	138
2094.75	144
2094.75	145
2094.75	146
2094.75	167
2094.75	199
2094.8	1
2094.8	9
2094.8	10
2094.8	20
2094.8	32
2094.8	35
2094.8	44
2094.8	46
2094.8	60
2094.8	68
2094.8	69
2094.8	70
2094.8	80
2094.8	91
2094.8	97
2094.8	103
2094.8	131
2094.8	133
2094.8	134
2094.8	140
2094.8	163
2094.8	186
2094.8	191
2094.8	197
2094.85	11
2094.85	18
2094.85	19
2094.85	24
2094.85	30
2094.85	36
2094.85	39
2094.85	41
2094.85	42
2094.85	61
2094.85	65
2094.85	74
2094.85	77
2094.85	83
2094.85	88
2094.85	90
2094.85	107
2094.85	126
2094.85	135
2094.85	141
2094.85	149
2094.85	151
2094.85	152
2094.85	154
2094.85	155
2094.85	158
2094.85	175
2094.85	178
2094.85	179
2094.85	184
2094.85	196
2094.9	16
2094.9	33
2094.9	40
2094.9	47
2094.9	49
2094.9	102
2094.9	108
2094.9	110
2094.9	114
2094.9	118
2094.9	119
2094.9	128
2094.9	137
2094.9	143
2094.9	164
2094.9	165
2094.9	168
2094.9	169
2094.9	171
2094.9	173
2094.9	177
2094.9	180
2094.95	6
2094.95	7
2094.95	17
2094.95	29
2094.95	48
2094.95	57
2094.95	58
2094.95	63
2094.95	71
2094.95	78
2094.95	82
2094.95	84
2094.95	87
2094.95	92
2094.95	93
2094.95	94
2094.95	99
2094.95	101
2094.95	106
2094.95	117
2094.95	122
2094.95	123
2094.95	130
2094.95	139
2094.95	148
2094.95	150
2094.95	153
2094.95	156
2094.95	160
2094.95	161
2094.95	162
2094.95	181
2094.95	188
2094.95	189
2094.95	190
2094.95	195
2094.95	198
2095	5
2095	23
2095	45
2095	50
2095	53
2095	62
2095	64
2095	67
2095	79
2095	96
2095	100
2095	105
2095	116
2095	159
2095	172
2095	176
2095.05	12
2095.05	25
2095.05	31
2095.05	37
2095.05	52
2095.05	109
2095.05	111
2095.05	193
2100.95	3
2104.55	4
2106.8	2
2108.85	0
2108.85	26
2108.85	27
2108.85	147
2108.9	43
2108.9	185
2108.95	8
2109	98
2109	120
2109	124
2109	136
2109	192
2109.05	75
2109.05	104
2109.05	157
2109.05	187
2109.1	13
2109.1	15
2109.1	21
2109.1	22
2109.1	38
2109.1	86
2109.1	127
2109.1	129
2109.1	142
2109.1	166
2109.1	182
2109.15	34
2109.15	46
2109.15	51
2109.15	54
2109.15	55
2109.15	66
2109.15	73
2109.15	76
2109.15	80
2109.15	81
2109.15	112
2109.15	115
2109.15	125
2109.15	170
2109.15	197
2109.2	1
2109.2	9
2109.2	10
2109.2	14
2109.2	20
2109.2	24
2109.2	28
2109.2	35
2109.2	36
2109.2	47
2109.2	56
2109.2	59
2109.2	60
2109.2	69
2109.2	83
2109.2	95
2109.2	113
2109.2	132
2109.2	133
2109.2	134
2109.2	138
2109.2	174
2109.2	183
2109.2	194
2109.25	11
2109.25	19
2109.25	30
2109.25	32
2109.25	42
2109.25	44
2109.25	70
2109.25	72
2109.25	74
2109.25	85
2109.25	89
2109.25	103
2109.25	121
2109.25	131
2109.25	135
2109.25	144
2109.25	145
2109.25	146
2109.25	163
2109.25	167
2109.25	186
2109.25	191
2109.25	199
2109.3	40
2109.3	41
2109.3	61
2109.3	68
2109.3	77
2109.3	88
2109.3	91
2109.3	97
2109.3	107
2109.3	126
2109.3	140
2109.3	141
2109.3	149
2109.3	151
2109.3	154
2109.3	155
2109.3	175
2109.3	179
2109.3	184
2109.35	18
2109.35	29
2109.35	39
2109.35	48
2109.35	49
2109.35	65
2109.35	82
2109.35	90
2109.35	92
2109.35	93
2109.35	99
2109.35	102
2109.35	106
2109.35	108
2109.35	110
2109.35	114
2109.35	118
2109.35	119
2109.35	137
2109.35	143
2109.35	152
2109.35	158
2109.35	161
2109.35	164
2109.35	165
2109.35	168
2109.35	169
2109.35	171
2109.35	173
2109.35	177
2109.35	178
2109.35	180
2109.35	188
2109.35	190
2109.35	196
2109.4	6
2109.4	7
2109.4	16
2109.4	17
2109.4	33
2109.4	50
2109.4	57
2109.4	58
2109.4	63
2109.4	64
2109.4	71
2109.4	78
2109.4	84
2109.4	87
2109.4	94
2109.4	96
2109.4	101
2109.4	117
2109.4	122
2109.4	123
2109.4	128
2109.4	130
2109.4	139
2109.4	148
2109.4	150
2109.4	156
2109.4	160
2109.4	162
2109.4	172
2109.4	176
2109.4	181
2109.4	189
2109.4	195
2109.4	198
2109.45	5
2109.45	12
2109.45	23
2109.45	25
2109.45	31
2109.45	45
2109.45	53
2109.45	62
2109.45	67
2109.45	79
2109.45	100
2109.45	105
2109.45	116
2109.45	153
2109.45	159
2109.5	37
2109.5	52
2109.5	109
2109.5	111
2109.5	193
2114.55	3
2118.35	4
2120.85	2
2123.2	0
2123.2	26
2123.2	27
2123.25	8
2123.35	147
2123.35	185
2123.4	43
2123.4	136
2123.45	75
2123.45	104
2123.5	98
2123.5	120
2123.5	127
2123.5	192
2123.55	15
2123.55	36
2123.55	47
2123.55	54
2123.55	60
2123.55	124
2123.55	142
2123.55	157
2123.55	166
2123.55	182
2123.55	187
2123.55	197
2123.6	1
2123.6	10
2123.6	11
2123.6	13
2123.6	20
2123.6	21
2123.6	22
2123.6	34
2123.6	38
2123.6	42
2123.6	46
2123.6	66
2123.6	69
2123.6	74
2123.6	80
2123.6	81
2123.6	83
2123.6	86
2123.6	129
2123.65	9
2123.65	14
2123.65	19
2123.65	24
2123.65	30
2123.65	35
2123.65	44
2123.65	51
2123.65	55
2123.65	73
2123.65	76
2123.65	112
2123.65	133
2123.65	134
2123.65	170
2123.7	28
2123.7	41
2123.7	61
2123.7	70
2123.7	72
2123.7	85
2123.7	95
2123.7	103
2123.7	113
2123.7	115
2123.7	125
2123.7	131
2123.7	132
2123.7	135
2123.7	138
2123.7	163
2123.7	174
2123.7	191
2123.7	194
2123.75	29
2123.75	32
2123.75	40
2123.75	48
2123.75	56
2123.75	59
2123.75	77
2123.75	88
2123.75	93
2123.75	96
2123.75	106
2123.75	107
2123.75	108
2123.75	121
2123.75	137
2123.75	140
2123.75	144
2123.75	146
2123.75	149
2123.75	151
2123.75	154
2123.75	155
2123.75	167
2123.75	179
2123.75	183
2123.75	184
2123.75	186
2123.75	190
2123.75	199
2123.8	25
2123.8	31
2123.8	39
2123.8	57
2123.8	68
2123.8	82
2123.8	89
2123.8	90
2123.8	91
2123.8	92
2123.8	94
2123.8	97
2123.8	99
2123.8	102
2123.8	114
2123.8	118
2123.8	119
2123.8	122
2123.8	126
2123.8	139
2123.8	141
2123.8	143
2123.8	145
2123.8	152
2123.8	161
2123.8	162
2123.8	164
2123.8	165
2123.8	168
2123.8	169
2123.8	172
2123.8	175
2123.8	177
2123.8	180
2123.8	188
2123.8	189
2123.8	196
2123.85	12
2123.85	18
2123.85	33
2123.85	45
2123.85	49
2123.85	50
2123.85	58
2123.85	62
2123.85	63
2123.85	64
2123.85	65
2123.85	67
2123.85	71
2123.85	78
2123.85	79
2123.85	84
2123.85	101
2123.85	110
2123.85	117
2123.85	123
2123.85	128
2123.85	150
2123.85	153
2123.85	156
2123.85	158
2123.85	159
2123.85	160
2123.85	171
2123.85	173
2123.85	176
2123.85	181
2123.85	195
2123.85	198
2123.9	5
2123.9	6
2123.9	7
2123.9	16
2123.9	17
2123.9	23
2123.9	52
2123.9	53
2123.9	87
2123.9	100
2123.9	105
2123.9	111
2123.9	116
2123.9	130
2123.9	148
2123.9	178
2123.9	193
2123.95	37
2123.95	109
2128.15	3
2132.15	4
2134.95	2
2137.65	0
2137.65	8
2137.65	26
2137.65	27
2137.8	185
2137.85	75
2137.9	47
2137.9	104
2137.9	127
2137.9	136
2137.9	147
2137.95	15
2137.95	36
2137.95	43
2137.95	60
2137.95	74
2137.95	83
2137.95	142
2137.95	197
2138	1
2138	10
2138	11
2138	42
2138	46
2138	69
2138	80
2138	98
2138	120
2138	166
2138	192
2138.05	19
2138.05	20
2138.05	21
2138.05	22
2138.05	24
2138.05	30
2138.05	34
2138.05	38
2138.05	54
2138.05	81
2138.05	124
2138.05	129
2138.05	133
2138.05	157
2138.05	182
2138.05	187
2138.1	9
2138.1	13
2138.1	35
2138.1	44
2138.1	66
2138.1	86
2138.1	93
2138.1	112
2138.1	134
2138.15	14
2138.15	29
2138.15	41
2138.15	48
2138.15	51
2138.15	55
2138.15	61
2138.15	73
2138.15	76
2138.15	77
2138.15	96
2138.15	103
2138.15	135
2138.15	138
2138.15	170
2138.15	191
2138.2	25
2138.2	31
2138.2	40
2138.2	57
2138.2	70
2138.2	72
2138.2	82
2138.2	85
2138.2	88
2138.2	95
2138.2	99
2138.2	106
2138.2	107
2138.2	108
2138.2	113
2138.2	114
2138.2	118
2138.2	125
2138.2	131
2138.2	132
2138.2	137
2138.2	139
2138.2	149
2138.2	151
2138.2	154
2138.2	155
2138.2	163
2138.2	172
2138.2	184
2138.2	186
2138.2	190
2138.2	194
2138.25	12
2138.25	28
2138.25	50
2138.25	58
2138.25	59
2138.25	64
2138.25	78
2138.25	84
2138.25	92
2138.25	94
2138.25	102
2138.25	115
2138.25	119
2138.25	121
2138.25	122
2138.25	126
2138.25	140
2138.25	141
2138.25	143
2138.25	144
2138.25	146
2138.25	152
2138.25	159
2138.25	160
2138.25	161
2138.25	162
2138.25	164
2138.25	165
2138.25	168
2138.25	169
2138.25	174
2138.25	175
2138.25	176
2138.25	177
2138.25	179
2138.25	180
2138.25	188
2138.25	189
2138.25	196
2138.25	198
2138.25	199
2138.3	32
2138.3	39
2138.3	45
2138.3	52
2138.3	56
2138.3	62
2138.3	67
2138.3	68
2138.3	71
2138.3	79
2138.3	89
2138.3	90
2138.3	101
2138.3	105
2138.3	110
2138.3	111
2138.3	116
2138.3	117
2138.3	123
2138.3	128
2138.3	145
2138.3	150
2138.3	153
2138.3	158
2138.3	167
2138.3	171
2138.3	181
2138.3	183
2138.3	193
2138.3	195
2138.35	5
2138.35	6
2138.35	7
2138.35	18
2138.35	23
2138.35	33
2138.35	37
2138.35	53
2138.35	63
2138.35	65
2138.35	91
2138.35	97
2138.35	100
2138.35	109
2138.35	130
2138.35	148
2138.35	156
2138.35	173
2138.4	16
2138.4	17
2138.4	49
2138.4	87
2138.4	178
2141.7	3
2146	4
2149.05	2
2152	8
2152.05	26
2152.05	27
2152.1	0
2152.25	47
2152.25	75
2152.3	104
2152.35	36
2152.35	74
2152.35	83
2152.35	127
2152.35	136
2152.35	185
2152.35	197
2152.4	10
2152.4	11
2152.4	15
2152.4	42
2152.4	60
2152.4	69
2152.4	142
2152.45	1
2152.45	19
2152.45	20
2152.45	30
2152.45	46
2152.45	80
2152.45	133
2152.45	166
2152.5	24
2152.5	34
2152.5	35
2152.5	43
2152.5	54
2152.5	81
2152.5	93
2152.5	96
2152.5	120
2152.5	147
2152.5	182
2152.5	192
2152.55	9
2152.55	38
2152.55	44
2152.55	48
2152.55	61
2152.55	66
2152.55	98
2152.55	112
2152.55	124
2152.55	129
2152.55	135
2152.55	187
2152.6	14
2152.6	21
2152.6	22
2152.6	25
2152.6	29
2152.6	31
2152.6	41
2152.6	77
2152.6	99
2152.6	103
2152.6	106
2152.6	107
2152.6	118
2152.6	134
2152.6	139
2152.6	157
2152.6	190
2152.6	191
2152.65	12
2152.65	13
2152.65	50
2152.65	51
2152.65	55
2152.65	57
2152.65	64
2152.65	70
2152.65	73
2152.65	82
2152.65	84
2152.65	85
2152.65	86
2152.65	102
2152.65	108
2152.65	113
2152.65	114
2152.65	122
2152.65	131
2152.65	132
2152.65	137
2152.65	138
2152.65	149
2152.65	151
2152.65	154
2152.65	155
2152.65	161
2152.65	163
2152.65	170
2152.65	172
2152.65	189
2152.65	196
2152.7	40
2152.7	58
2152.7	62
2152.7	67
2152.7	71
2152.7	72
2152.7	76
2152.7	78
2152.7	79
2152.7	88
2152.7	92
2152.7	94
2152.7	111
2152.7	119
2152.7	125
2152.7	126
2152.7	140
2152.7	141
2152.7	143
2152.7	159
2152.7	160
2152.7	162
2152.7	164
2152.7	165
2152.7	169
2152.7	176
2152.7	177
2152.7	179
2152.7	184
2152.7	186
2152.7	188
2152.7	193
2152.7	194
2152.7	198
2152.7	199
2152.75	28
2152.75	45
2152.75	52
2152.75	53
2152.75	95
2152.75	101
2152.75	105
2152.75	110
2152.75	116
2152.75	117
2152.75	123
2152.75	144
2152.75	150
2152.75	152
2152.75	153
2152.75	158
2152.75	168
2152.75	171
2152.75	174
2152.75	175
2152.75	180
2152.75	181
2152.75	195
2152.8	32
2152.8	37
2152.8	39
2152.8	59
2152.8	68
2152.8	90
2152.8	100
2152.8	109
2152.8	115
2152.8	121
2152.8	128
2152.8	130
2152.8	146
2152.8	148
2152.8	156
2152.8	183
2152.85	5
2152.85	6
2152.85	7
2152.85	23
2152.85	33
2152.85	63
2152.85	89
2152.85	91
2152.85	145
2152.85	167
2152.9	17
2152.9	18
2152.9	49
2152.9	56
2152.9	65
2152.9	97
2152.9	173
2152.9	178
2152.95	16
2152.95	87
2155.3	3
2159.8	4
2163.15	2
2166.4	8
2166.45	26
2166.5	27
2166.55	0
2166.6	47
2166.7	36
2166.7	75
2166.7	83
2166.75	74
2166.75	104
2166.75	197
2166.8	10
2166.8	11
2166.8	42
2166.8	69
2166.8	127
2166.85	15
2166.85	60
2166.85	136
2166.85	142
2166.85	185
2166.9	1
2166.9	19
2166.9	20
2166.9	24
2166.9	30
2166.9	46
2166.9	80
2166.9	93
2166.9	96
2166.9	133
2166.9	166
2166.95	34
2166.95	35
2166.95	48
2166.95	81
2166.95	182
2167	25
2167	29
2167	31
2167	44
2167	54
2167	61
2167	112
2167	120
2167	135
2167	187
2167	192
2167.05	9
2167.05	38
2167.05	41
2167.05	50
2167.05	66
2167.05	77
2167.05	98
2167.05	99
2167.05	106
2167.05	107
2167.05	114
2167.05	118
2167.05	122
2167.05	129
2167.05	139
2167.05	172
2167.05	190
2167.05	191
2167.1	12
2167.1	14
2167.1	21
2167.1	22
2167.1	43
2167.1	57
2167.1	64
2167.1	78
2167.1	82
2167.1	84
2167.1	85
2167.1	102
2167.1	103
2167.1	108
2167.1	111
2167.1	124
2167.1	131
2167.1	134
2167.1	137
2167.1	147
2167.1	149
2167.1	155
2167.1	157
2167.1	159
2167.1	161
2167.1	189
2167.1	193
2167.1	196
2167.15	40
2167.15	51
2167.15	52
2167.15	62
2167.15	67
2167.15	70
2167.15	71
2167.15	73
2167.15	79
2167.15	86
2167.15	88
2167.15	92
2167.15	94
2167.15	105
2167.15	113
2167.15	116
2167.15	119
2167.15	125
2167.15	132
2167.15	138
2167.15	140
2167.15	143
2167.15	151
2167.15	153
2167.15	154
2167.15	160
2167.15	162
2167.15	163
2167.15	165
2167.15	169
2167.15	170
2167.15	176
2167.15	177
2167.15	184
2167.15	186
2167.15	188
2167.15	198
2167.2	13
2167.2	45
2167.2	53
2167.2	55
2167.2	58
2167.2	72
2167.2	76
2167.2	109
2167.2	110
2167.2	117
2167.2	123
2167.2	126
2167.2	141
2167.2	150
2167.2	152
2167.2	156
2167.2	164
2167.2	168
2167.2	171
2167.2	175
2167.2	179
2167.2	180
2167.2	181
2167.2	194
2167.2	199
2167.25	37
2167.25	90
2167.25	100
2167.25	101
2167.25	128
2167.25	130
2167.25	148
2167.25	158
2167.25	195
2167.3	5
2167.3	23
2167.3	28
2167.3	68
2167.3	95
2167.3	121
2167.3	144
2167.3	146
2167.3	174
2167.35	32
2167.35	39
2167.35	59
2167.35	63
2167.35	89
2167.35	115
2167.35	145
2167.35	183
2167.4	6
2167.4	7
2167.4	17
2167.4	33
2167.4	65
2167.4	91
2167.4	167
2167.4	173
2167.4	178
2167.45	16
2167.45	18
2167.45	49
2167.45	56
2167.45	87
2167.45	97
2168.9	3
2173.6	4
2177.25	2
2180.8	8
2180.9	26
2180.95	27
2181	47
2181.05	0
2181.1	36
2181.1	74
2181.15	75
2181.15	83
2181.2	11
2181.2	42
2181.2	69
2181.2	104
2181.2	197
2181.25	10
2181.25	127
2181.3	19
2181.3	30
2181.3	60
2181.3	93
2181.3	96
2181.3	142
2181.35	15
2181.35	20
2181.35	24
2181.35	46
2181.35	48
2181.35	133
2181.35	136
2181.4	1
2181.4	61
2181.4	80
2181.4	166
2181.4	185
2181.45	25
2181.45	29
2181.45	31
2181.45	34
2181.45	35
2181.45	81
2181.45	99
2181.45	112
2181.45	118
2181.45	135
2181.45	172
2181.45	182
2181.5	41
2181.5	44
2181.5	50
2181.5	54
2181.5	77
2181.5	84
2181.5	106
2181.5	114
2181.5	122
2181.5	139
2181.5	159
2181.5	187
2181.5	189
2181.5	190
2181.5	191
2181.5	192
2181.5	193
2181.55	9
2181.55	12
2181.55	14
2181.55	57
2181.55	64
2181.55	66
2181.55	67
2181.55	78
2181.55	82
2181.55	102
2181.55	107
2181.55	108
2181.55	111
2181.55	120
2181.55	129
2181.55	137
2181.55	149
2181.55	153
2181.55	161
2181.55	196
2181.55	198
2181.6	38
2181.6	45
2181.6	52
2181.6	62
2181.6	70
2181.6	71
2181.6	79
2181.6	85
2181.6	98
2181.6	103
2181.6	105
2181.6	109
2181.6	116
2181.6	124
2181.6	131
2181.6	134
2181.6	140
2181.6	150
2181.6	151
2181.6	154
2181.6	155
2181.6	160
2181.6	162
2181.6	169
2181.6	176
2181.6	184
2181.6	188
2181.65	21
2181.65	22
2181.65	40
2181.65	53
2181.65	58
2181.65	88
2181.65	92
2181.65	94
2181.65	110
2181.65	119
2181.65	123
2181.65	126
2181.65	132
2181.65	138
2181.65	141
2181.65	143
2181.65	152
2181.65	156
2181.65	157
2181.65	164
2181.65	165
2181.65	170
2181.65	177
2181.65	186
2181.7	37
2181.7	43
2181.7	51
2181.7	73
2181.7	86
2181.7	101
2181.7	113
2181.7	117
2181.7	125
2181.7	128
2181.7	147
2181.7	148
2181.7	158
2181.7	163
2181.7	168
2181.7	171
2181.7	175
2181.7	179
2181.7	180
2181.7	181
2181.7	195
2181.7	199
2181.75	13
2181.75	55
2181.75	72
2181.75	76
2181.75	90
2181.75	100
2181.75	130
2181.75	194
2181.8	5
2181.8	23
2181.8	68
2181.8	121
2181.85	28
2181.85	32
2181.85	39
2181.85	95
2181.85	144
2181.85	146
2181.85	174
2181.9	6
2181.9	7
2181.9	17
2181.9	33
2181.9	59
2181.9	63
2181.9	65
2181.9	89
2181.9	115
2181.9	145
2181.9	173
2181.9	183
2181.95	87
2181.95	91
2181.95	167
2181.95	178
2182	16
2182	18
2182	49
2182	97
2182.05	56
2182.45	3
2187.45	4
2191.4	2
2195.25	8
2195.35	26
2195.4	47
2195.45	27
2195.5	74
2195.55	36
2195.55	83
2195.6	0
2195.6	75
2195.65	11
2195.65	42
2195.65	69
2195.65	104
2195.65	197
2195.7	10
2195.7	19
2195.7	93
2195.7	96
2195.75	30
2195.75	127
2195.8	20
2195.8	46
2195.8	48
2195.8	60
2195.8	142
2195.85	24
2195.85	31
2195.85	80
2195.85	133
2195.85	166
2195.9	1
2195.9	15
2195.9	25
2195.9	61
2195.9	99
2195.9	118
2195.9	122
2195.9	135
2195.9	136
2195.9	159
2195.9	172
2195.9	193
2195.95	29
2195.95	34
2195.95	35
2195.95	41
2195.95	50
2195.95	78
2195.95	84
2195.95	106
2195.95	111
2195.95	112
2195.95	114
2195.95	139
2195.95	182
2195.95	185
2195.95	189
2195.95	190
2195.95	191
2195.95	196
2196	12
2196	44
2196	54
2196	57
2196	64
2196	67
2196	77
2196	81
2196	102
2196	105
2196	107
2196	109
2196	116
2196	149
2196	153
2196	187
2196	192
2196	198
2196.05	3
2196.05	9
2196.05	14
2196.05	45
2196.05	52
2196.05	53
2196.05	66
2196.05	71
2196.05	79
2196.05	82
2196.05	103
2196.05	108
2196.05	129
2196.05	137
2196.05	140
2196.05	150
2196.05	155
2196.05	161
2196.05	169
2196.05	176
2196.05	188
2196.1	38
2196.1	62
2196.1	70
2196.1	85
2196.1	92
2196.1	94
2196.1	110
2196.1	119
2196.1	120
2196.1	123
2196.1	131
2196.1	134
2196.1	143
2196.1	148
2196.1	151
2196.1	154
2196.1	156
2196.1	160
2196.1	162
2196.1	165
2196.1	177
2196.1	184
2196.15	37
2196.15	40
2196.15	58
2196.15	88
2196.15	98
2196.15	101
2196.15	117
2196.15	124
2196.15	126
2196.15	128
2196.15	132
2196.15	138
2196.15	141
2196.15	152
2196.15	164
2196.15	168
2196.15	170
2196.15	171
2196.15	181
2196.15	186
2196.15	195
2196.2	21
2196.2	22
2196.2	73
2196.2	100
2196.2	113
2196.2	125
2196.2	130
2196.2	157
2196.2	158
2196.2	163
2196.2	175
2196.2	179
2196.2	180
2196.2	199
2196.25	43
2196.25	51
2196.25	55
2196.25	72
2196.25	76
2196.25	86
2196.25	90
2196.25	147
2196.25	194
2196.3	5
2196.3	13
2196.3	23
2196.3	39
2196.3	121
2196.3	144
2196.3	146
2196.35	28
2196.35	32
2196.35	33
2196.35	63
2196.35	68
2196.35	89
2196.35	95
2196.35	173
2196.35	174
2196.4	6
2196.4	7
2196.4	17
2196.4	59
2196.4	65
2196.4	115
2196.4	145
2196.4	167
2196.4	178
2196.4	183
2196.45	16
2196.45	87
2196.45	91
2196.5	18
2196.5	49
2196.5	97
2196.55	56
2201.3	4
2205.55	2
2209.65	3
2209.7	8
2209.8	47
2209.85	26
2209.95	74
2210	27
2210	36
2210	83
2210.05	42
2210.1	0
2210.1	11
2210.1	69
2210.1	75
2210.1	96
2210.1	104
2210.1	197
2210.15	19
2210.15	93
2210.2	10
2210.2	30
2210.2	48
2210.25	20
2210.25	46
2210.25	80
2210.25	127
2210.3	1
2210.3	24
2210.3	31
2210.3	60
2210.3	133
2210.3	142
2210.3	166
2210.35	25
2210.35	50
2210.35	61
2210.35	99
2210.35	111
2210.35	118
2210.35	122
2210.35	159
2210.35	172
2210.35	193
2210.4	15
2210.4	29
2210.4	54
2210.4	78
2210.4	84
2210.4	112
2210.4	114
2210.4	135
2210.4	136
2210.4	139
2210.4	153
2210.4	185
2210.4	189
2210.4	196
2210.45	9
2210.45	12
2210.45	34
2210.45	35
2210.45	41
2210.45	67
2210.45	77
2210.45	102
2210.45	105
2210.45	106
2210.45	109
2210.45	116
2210.45	149
2210.45	182
2210.45	190
2210.45	191
2210.45	198
2210.5	44
2210.5	45
2210.5	52
2210.5	53
2210.5	57
2210.5	64
2210.5	71
2210.5	82
2210.5	107
2210.5	137
2210.5	150
2210.5	161
2210.5	176
2210.5	188
2210.55	62
2210.55	79
2210.55	81
2210.55	103
2210.55	108
2210.55	110
2210.55	123
2210.55	140
2210.55	155
2210.55	156
2210.55	160
2210.55	162
2210.55	165
2210.55	169
2210.55	184
2210.55	187
2210.55	192
2210.6	14
2210.6	21
2210.6	22
2210.6	37
2210.6	66
2210.6	70
2210.6	73
2210.6	85
2210.6	88
2210.6	92
2210.6	94
2210.6	119
2210.6	126
2210.6	129
2210.6	131
2210.6	143
2210.6	148
2210.6	151
2210.6	152
2210.6	154
2210.6	177
2210.6	181
2210.6	195
2210.65	5
2210.65	38
2210.65	39
2210.65	40
2210.65	58
2210.65	72
2210.65	98
2210.65	101
2210.65	117
2210.65	120
2210.65	121
2210.65	128
2210.65	134
2210.65	138
2210.65	141
2210.65	158
2210.65	164
2210.65	168
2210.65	171
2210.65	186
2210.65	199
2210.7	33
2210.7	43
2210.7	55
2210.7	63
2210.7	89
2210.7	95
2210.7	100
2210.7	113
2210.7	124
2210.7	125
2210.7	130
2210.7	132
2210.7	144
2210.7	146
2210.7	147
2210.7	157
2210.7	163
2210.7	170
2210.7	173
2210.7	175
2210.7	179
2210.7	180
2210.75	6
2210.75	7
2210.75	17
2210.75	28
2210.75	32
2210.75	65
2210.75	90
2210.75	174
2210.75	178
2210.8	13
2210.8	16
2210.8	23
2210.8	51
2210.8	59
2210.8	76
2210.8	86
2210.8	87
2210.8	115
2210.8	145
2210.8	167
2210.8	183
2210.8	194
2210.85	68
2210.85	91
2210.9	18
2210.9	49
2210.9	97
2210.95	56
2215.15	4
2219.7	2
2223.2	3
2224.2	8
2224.25	47
2224.35	26
2224.35	74
2224.4	36
2224.45	83
2224.5	0
2224.5	27
2224.5	42
2224.55	11
2224.55	69
2224.55	75
2224.55	80
2224.55	96
2224.55	197
2224.6	19
2224.6	93
2224.6	104
2224.65	1
2224.65	10
2224.65	30
2224.7	48
2224.75	20
2224.75	31
2224.75	46
2224.75	54
2224.75	127
2224.75	193
2224.8	9
2224.8	24
2224.8	25
2224.8	50
2224.8	60
2224.8	99
2224.8	111
2224.8	118
2224.8	122
2224.8	133
2224.8	142
2224.8	159
2224.8	166
2224.8	172
2224.8	185
2224.85	61
2224.85	84
2224.85	109
2224.85	114
2224.85	116
2224.85	139
2224.85	153
2224.85	196
2224.9	12
2224.9	29
2224.9	41
2224.9	78
2224.9	105
2224.9	106
2224.9	112
2224.9	135
2224.9	149
2224.9	189
2224.9	190
2224.9	198
2224.95	15
2224.95	34
2224.95	35
2224.95	45
2224.95	52
2224.95	53
2224.95	57
2224.95	64
2224.95	67
2224.95	73
2224.95	77
2224.95	102
2224.95	107
2224.95	136
2224.95	137
2224.95	150
2224.95	161
2224.95	176
2224.95	191
2225	5
2225	21
2225	22
2225	33
2225	39
2225	44
2225	62
2225	71
2225	72
2225	79
2225	82
2225	103
2225	121
2225	123
2225	140
2225	155
2225	160
2225	165
2225	169
2225	182
2225	184
2225	188
2225.05	32
2225.05	37
2225.05	55
2225.05	63
2225.05	81
2225.05	85
2225.05	89
2225.05	92
2225.05	94
2225.05	95
2225.05	108
2225.05	110
2225.05	119
2225.05	131
2225.05	144
2225.05	146
2225.05	148
2225.05	151
2225.05	152
2225.05	154
2225.05	156
2225.05	162
2225.05	173
2225.05	177
2225.05	178
2225.05	187
2225.05	195
2225.1	6
2225.1	7
2225.1	14
2225.1	17
2225.1	28
2225.1	40
2225.1	58
2225.1	65
2225.1	66
2225.1	70
2225.1	87
2225.1	88
2225.1	101
2225.1	117
2225.1	126
2225.1	128
2225.1	129
2225.1	141
2225.1	143
2225.1	164
2225.1	168
2225.1	171
2225.1	174
2225.1	181
2225.1	186
2225.1	192
2225.15	16
2225.15	43
2225.15	59
2225.15	100
2225.15	115
2225.15	130
2225.15	134
2225.15	138
2225.15	145
2225.15	147
2225.15	158
2225.15	167
2225.15	175
2225.15	179
2225.15	180
2225.15	183
2225.15	199
2225.2	13
2225.2	23
2225.2	38
2225.2	90
2225.2	91
2225.2	98
2225.2	113
2225.2	120
2225.2	125
2225.2	132
2225.2	163
2225.2	170
2225.25	18
2225.25	49
2225.25	76
2225.25	97
2225.25	124
2225.25	157
2225.25	194
2225.3	56
2225.3	68
2225.3	86
2225.35	51
2229	4
2233.9	2
2236.8	3
2238.7	8
2238.7	47
2238.8	74
2238.85	36
2238.85	80
2238.9	0
2238.9	26
2238.9	83
2238.95	1
2239	11
2239	42
2239	96
2239.05	19
2239.05	69
2239.05	75
2239.05	93
2239.05	197
2239.1	9
2239.1	27
2239.1	54
2239.1	104
2239.15	10
2239.15	30
2239.15	48
2239.2	20
2239.2	31
2239.2	111
2239.2	185
2239.2	193
2239.25	25
2239.25	46
2239.25	50
2239.25	122
2239.25	127
2239.25	133
2239.25	159
2239.25	166
2239.3	5
2239.3	24
2239.3	60
2239.3	61
2239.3	84
2239.3	99
2239.3	109
2239.3	114
2239.3	116
2239.3	118
2239.3	142
2239.3	153
2239.3	172
2239.3	196
2239.35	12
2239.35	21
2239.35	22
2239.35	29
2239.35	33
2239.35	39
2239.35	52
2239.35	57
2239.35	63
2239.35	64
2239.35	67
2239.35	73
2239.35	78
2239.35	105
2239.35	106
2239.35	112
2239.35	121
2239.35	139
2239.35	149
2239.35	189
2239.4	6
2239.4	7
2239.4	17
2239.4	32
2239.4	41
2239.4	45
2239.4	53
2239.4	55
2239.4	72
2239.4	77
2239.4	79
2239.4	89
2239.4	95
2239.4	135
2239.4	144
2239.4	146
2239.4	150
2239.4	160
2239.4	161
2239.4	173
2239.4	176
2239.4	178
2239.4	188
2239.4	190
2239.4	191
2239.4	198
2239.45	28
2239.45	34
2239.45	35
2239.45	44
2239.45	62
2239.45	65
2239.45	82
2239.45	87
2239.45	102
2239.45	103
2239.45	107
2239.45	123
2239.45	136
2239.45	137
2239.45	140
2239.45	155
2239.45	165
2239.45	174
2239.45	184
2239.5	15
2239.5	16
2239.5	37
2239.5	58
2239.5	59
2239.5	71
2239.5	92
2239.5	94
2239.5	110
2239.5	115
2239.5	119
2239.5	131
2239.5	145
2239.5	148
2239.5	151
2239.5	152
2239.5	154
2239.5	156
2239.5	162
2239.5	167
2239.5	168
2239.5	169
2239.5	177
2239.5	182
2239.5	183
2239.5	195
2239.55	40
2239.55	70
2239.55	85
2239.55	88
2239.55	91
2239.55	100
2239.55	101
2239.55	108
2239.55	117
2239.55	126
2239.55	130
2239.55	141
2239.55	143
2239.55	158
2239.55	164
2239.55	171
2239.55	180
2239.55	181
2239.55	186
2239.55	187
2239.6	13
2239.6	14
2239.6	18
2239.6	43
2239.6	49
2239.6	81
2239.6	113
2239.6	128
2239.6	129
2239.6	147
2239.6	175
2239.6	179
2239.6	192
2239.6	199
2239.65	23
2239.65	56
2239.65	90
2239.65	97
2239.65	134
2239.65	138
2239.65	163
2239.7	38
2239.7	66
2239.7	76
2239.7	98
2239.7	120
2239.7	125
2239.7	132
2239.7	170
2239.7	194
2239.75	68
2239.75	124
2239.75	157
2239.8	86
2239.85	51
2242.85	4
2248.15	2
2250.4	3
2253.15	47
2253.2	8
2253.2	80
2253.3	0
2253.3	1
2253.3	74
2253.35	36
2253.4	83
2253.45	9
2253.45	11
2253.45	26
2253.45	42
2253.45	54
2253.45	96
2253.5	75
2253.5	197
2253.55	10
2253.55	19
2253.55	69
2253.55	93
2253.55	185
2253.6	104
2253.6	193
2253.65	5
2253.65	20
2253.65	25
2253.65	27
2253.65	30
2253.65	31
2253.65	48
2253.65	111
2253.7	21
2253.7	22
2253.7	33
2253.7	50
2253.7	63
2253.7	121
2253.7	122
2253.7	127
2253.7	133
2253.7	159
2253.7	166
2253.75	6
2253.75	7
2253.75	12
2253.75	17
2253.75	39
2253.75	52
2253.75	60
2253.75	61
2253.75	73
2253.75	84
2253.75	87
2253.75	89
2253.75	99
2253.75	109
2253.75	112
2253.75	114
2253.75	116
2253.75	118
2253.75	144
2253.75	153
2253.75	172
2253.75	173
2253.75	178
2253.8	24
2253.8	28
2253.8	29
2253.8	32
2253.8	46
2253.8	55
2253.8	57
2253.8	64
2253.8	67
2253.8	72
2253.8	78
2253.8	79
2253.8	95
2253.8	106
2253.8	139
2253.8	146
2253.8	149
2253.8	150
2253.8	189
2253.8	196
2253.85	16
2253.85	41
2253.85	45
2253.85	53
2253.85	59
2253.85	62
2253.85	65
2253.85	77
2253.85	105
2253.85	115
2253.85	123
2253.85	140
2253.85	142
2253.85	145
2253.85	160
2253.85	161
2253.85	167
2253.85	174
2253.85	176
2253.85	184
2253.85	188
2253.85	190
2253.85	191
2253.85	198
2253.9	37
2253.9	44
2253.9	58
2253.9	92
2253.9	102
2253.9	103
2253.9	107
2253.9	135
2253.9	137
2253.9	155
2253.9	162
2253.9	165
2253.9	168
2253.9	169
2253.9	183
2253.95	18
2253.95	35
2253.95	49
2253.95	71
2253.95	82
2253.95	88
2253.95	91
2253.95	94
2253.95	101
2253.95	110
2253.95	117
2253.95	119
2253.95	126
2253.95	131
2253.95	136
2253.95	148
2253.95	152
2253.95	154
2253.95	156
2253.95	164
2253.95	177
2253.95	180
2253.95	181
2253.95	195
2254	34
2254	40
2254	56
2254	70
2254	85
2254	97
2254	100
2254	108
2254	130
2254	141
2254	143
2254	151
2254	158
2254	171
2254	175
2254	179
2254	186
2254.05	13
2254.05	15
2254.05	23
2254.05	43
2254.05	90
2254.05	113
2254.05	128
2254.05	147
2254.05	163
2254.05	182
2254.05	199
2254.1	14
2254.1	76
2254.1	81
2254.1	134
2254.1	138
2254.1	187
2254.1	192
2254.1	194
2254.15	68
2254.15	129
2254.15	170
2254.2	125
2254.2	132
2254.25	38
2254.25	66
2254.25	98
2254.25	120
2254.25	157
2254.3	86
2254.3	124
2254.35	51
2256.7	4
2262.4	2
2263.95	3
2267.55	80
2267.6	47
2267.65	1
2267.75	0
2267.75	8
2267.75	74
2267.8	9
2267.8	36
2267.85	11
2267.85	54
2267.85	83
2267.9	197
2267.95	42
2267.95	75
2267.95	96
2267.95	185
2268	5
2268	10
2268	19
2268	93
2268.05	21
2268.05	22
2268.05	26
2268.05	31
2268.05	63
2268.05	69
2268.05	193
2268.1	6
2268.1	7
2268.1	17
2268.1	20
2268.1	25
2268.1	33
2268.1	50
2268.1	87
2268.1	104
2268.1	111
2268.1	121
2268.1	144
2268.1	173
2268.1	178
2268.15	12
2268.15	30
2268.15	48
2268.15	52
2268.15	89
2268.15	109
2268.15	122
2268.15	127
2268.15	133
2268.15	159
2268.15	166
2268.2	16
2268.2	28
2268.2	32
2268.2	39
2268.2	57
2268.2	60
2268.2	64
2268.2	72
2268.2	73
2268.2	79
2268.2	84
2268.2	95
2268.2	99
2268.2	112
2268.2	114
2268.2	116
2268.2	145
2268.2	146
2268.2	153
2268.2	172
2268.25	27
2268.25	45
2268.25	55
2268.25	59
2268.25	61
2268.25	62
2268.25	65
2268.25	67
2268.25	78
2268.25	106
2268.25	115
2268.25	118
2268.25	139
2268.25	149
2268.25	150
2268.25	160
2268.25	167
2268.25	174
2268.25	189
2268.25	190
2268.25	196
2268.3	18
2268.3	24
2268.3	29
2268.3	41
2268.3	44
2268.3	46
2268.3	49
2268.3	53
2268.3	58
2268.3	77
2268.3	91
2268.3	92
2268.3	103
2268.3	105
2268.3	123
2268.3	140
2268.3	161
2268.3	162
2268.3	165
2268.3	168
2268.3	176
2268.3	183
2268.3	184
2268.3	188
2268.35	37
2268.35	101
2268.35	107
2268.35	117
2268.35	137
2268.35	154
2268.35	155
2268.35	164
2268.35	169
2268.35	177
2268.35	180
2268.35	191
2268.35	195
2268.35	198
2268.4	40
2268.4	56
2268.4	82
2268.4	88
2268.4	94
2268.4	97
2268.4	100
2268.4	102
2268.4	110
2268.4	119
2268.4	126
2268.4	130
2268.4	131
2268.4	135
2268.4	142
2268.4	148
2268.4	152
2268.4	156
2268.4	179
2268.4	181
2268.45	23
2268.45	35
2268.45	70
2268.45	71
2268.45	85
2268.45	90
2268.45	113
2268.45	141
2268.45	143
2268.45	151
2268.45	158
2268.45	163
2268.45	171
2268.45	175
2268.45	186
2268.5	13
2268.5	34
2268.5	108
2268.5	128
2268.5	136
2268.5	194
2268.5	199
2268.55	15
2268.55	43
2268.55	68
2268.55	76
2268.55	138
2268.55	147
2268.6	14
2268.6	81
2268.6	134
2268.6	182
2268.6	187
2268.65	129
2268.65	170
2268.65	192
2268.7	125
2268.7	132
2268.7	157
2268.75	38
2268.75	98
2268.8	66
2268.8	86
2268.8	120
2268.8	124
2268.85	51
2270.55	4
2276.65	2
2277.55	3
2281.9	80
2282.05	1
2282.05	47
2282.15	9
2282.25	0
2282.25	36
2282.25	54
2282.25	74
2282.3	8
2282.3	11
2282.35	83
2282.35	185
2282.35	197
2282.4	5
2282.4	42
2282.4	75
2282.4	96
2282.45	10
2282.45	19
2282.45	21
2282.45	22
2282.45	63
2282.45	93
2282.5	6
2282.5	7
2282.5	17
2282.5	20
2282.5	25
2282.5	31
2282.5	33
2282.5	87
2282.5	193
2282.55	12
2282.55	50
2282.55	52
2282.55	69
2282.55	89
2282.55	111
2282.55	133
2282.55	144
2282.55	173
2282.55	178
2282.6	16
2282.6	32
2282.6	64
2282.6	79
2282.6	104
2282.6	109
2282.6	121
2282.6	127
2282.6	159
2282.6	166
2282.65	26
2282.65	28
2282.65	39
2282.65	48
2282.65	57
2282.65	59
2282.65	60
2282.65	62
2282.65	95
2282.65	112
2282.65	114
2282.65	116
2282.65	122
2282.65	145
2282.65	149
2282.65	150
2282.65	153
2282.65	160
2282.65	167
2282.7	18
2282.7	30
2282.7	45
2282.7	49
2282.7	53
2282.7	55
2282.7	58
2282.7	61
2282.7	65
2282.7	67
2282.7	72
2282.7	78
2282.7	84
2282.7	92
2282.7	99
2282.7	103
2282.7	106
2282.7	115
2282.7	118
2282.7	123
2282.7	139
2282.7	146
2282.7	168
2282.7	172
2282.7	174
2282.7	184
2282.7	188
2282.7	190
2282.7	196
2282.75	29
2282.75	44
2282.75	73
2282.75	77
2282.75	91
2282.75	101
2282.75	105
2282.75	117
2282.75	140
2282.75	161
2282.75	162
2282.75	165
2282.75	176
2282.75	180
2282.75	183
2282.75	189
2282.8	24
2282.8	27
2282.8	37
2282.8	41
2282.8	46
2282.8	56
2282.8	88
2282.8	100
2282.8	119
2282.8	130
2282.8	131
2282.8	137
2282.8	152
2282.8	154
2282.8	155
2282.8	164
2282.8	169
2282.8	177
2282.8	179
2282.8	191
2282.8	195
2282.8	198
2282.85	23
2282.85	40
2282.85	82
2282.85	90
2282.85	94
2282.85	97
2282.85	107
2282.85	110
2282.85	113
2282.85	126
2282.85	148
2282.85	156
2282.85	158
2282.85	163
2282.85	175
2282.85	181
2282.85	186
2282.9	70
2282.9	71
2282.9	85
2282.9	102
2282.9	128
2282.9	135
2282.9	141
2282.9	143
2282.9	151
2282.9	171
2282.95	35
2282.95	68
2282.95	76
2282.95	142
2282.95	194
2283	13
2283	34
2283	108
2283	136
2283	199
2283.05	14
2283.05	138
2283.1	15
2283.1	43
2283.1	134
2283.1	147
2283.15	81
2283.15	129
2283.15	132
2283.15	170
2283.15	182
2283.15	187
2283.15	192
2283.2	125
2283.2	157
2283.25	98
2283.3	38
2283.3	66
2283.3	86
2283.3	120
2283.35	51
2283.35	124
2284.4	4
2290.9	2
2291.15	3
2296.35	80
2296.5	1
2296.55	9
2296.55	47
2296.7	11
2296.7	36
2296.75	54
2296.75	74
2296.8	0
2296.8	5
2296.8	83
2296.8	197
2296.85	8
2296.85	10
2296.85	19
2296.85	75
2296.85	185
2296.9	21
2296.9	22
2296.9	42
2296.9	63
2296.9	96
2296.95	6
2296.95	7
2296.95	12
2296.95	17
2296.95	20
2296.95	25
2296.95	31
2296.95	33
2296.95	50
2296.95	52
2296.95	87
2296.95	93
2296.95	193
2297	16
2297	79
2297	111
2297	133
2297	144
2297	173
2297	178
2297.05	62
2297.05	64
2297.05	89
2297.05	109
2297.05	112
2297.05	159
2297.05	160
2297.1	18
2297.1	28
2297.1	32
2297.1	45
2297.1	49
2297.1	57
2297.1	58
2297.1	59
2297.1	60
2297.1	69
2297.1	92
2297.1	95
2297.1	114
2297.1	121
2297.1	127
2297.1	145
2297.1	149
2297.1	150
2297.1	166
2297.1	167
2297.1	180
2297.15	39
2297.15	53
2297.15	67
2297.15	84
2297.15	99
2297.15	101
2297.15	103
2297.15	104
2297.15	106
2297.15	115
2297.15	116
2297.15	122
2297.15	123
2297.15	139
2297.15	153
2297.15	162
2297.15	165
2297.15	168
2297.15	172
2297.15	174
2297.15	184
2297.15	188
2297.15	190
2297.2	23
2297.2	30
2297.2	37
2297.2	44
2297.2	48
2297.2	55
2297.2	61
2297.2	65
2297.2	72
2297.2	77
2297.2	78
2297.2	88
2297.2	91
2297.2	105
2297.2	117
2297.2	118
2297.2	140
2297.2	146
2297.2	154
2297.2	161
2297.2	164
2297.2	176
2297.2	177
2297.2	179
2297.2	183
2297.2	189
2297.2	191
2297.2	195
2297.2	196
2297.25	26
2297.25	29
2297.25	40
2297.25	41
2297.25	56
2297.25	73
2297.25	94
2297.25	100
2297.25	119
2297.25	126
2297.25	130
2297.25	131
2297.25	152
2297.25	155
2297.25	156
2297.25	163
2297.25	169
2297.25	198
2297.3	24
2297.3	82
2297.3	90
2297.3	97
2297.3	107
2297.3	110
2297.3	113
2297.3	137
2297.3	148
2297.3	158
2297.3	171
2297.3	175
2297.3	181
2297.3	186
2297.35	46
2297.35	68
2297.35	70
2297.35	76
2297.35	85
2297.35	102
2297.35	128
2297.35	141
2297.35	143
2297.35	151
2297.35	194
2297.4	27
2297.4	71
2297.4	135
2297.45	35
2297.45	199
2297.5	13
2297.5	108
2297.5	136
2297.5	138
2297.5	142
2297.55	14
2297.55	34
2297.55	134
2297.6	15
2297.6	43
2297.65	81
2297.65	129
2297.65	132
2297.65	147
2297.65	170
2297.65	182
2297.65	187
2297.65	192
2297.7	125
2297.7	157
2297.75	86
2297.75	98
2297.8	38
2297.8	51
2297.8	120
2297.8	124
2297.85	66
2298.25	4
2304.7	3
2305.05	2
2310.85	80
2310.95	1
2310.95	9
2311.05	47
2311.15	11
2311.15	36
2311.25	5
2311.25	54
2311.25	74
2311.25	197
2311.3	10
2311.3	19
2311.3	21
2311.3	22
2311.3	63
2311.3	83
2311.3	185
2311.35	0
2311.35	12
2311.35	17
2311.35	20
2311.35	25
2311.35	31
2311.35	52
2311.35	75
2311.35	87
2311.4	6
2311.4	7
2311.4	8
2311.4	42
2311.4	50
2311.4	79
2311.4	96
2311.4	133
2311.4	193
2311.45	16
2311.45	33
2311.45	62
2311.45	93
2311.45	144
2311.45	173
2311.45	178
2311.5	18
2311.5	64
2311.5	109
2311.5	111
2311.5	112
2311.5	150
2311.5	159
2311.5	160
2311.5	180
2311.55	45
2311.55	49
2311.55	57
2311.55	58
2311.55	59
2311.55	60
2311.55	89
2311.55	92
2311.55	114
2311.55	127
2311.55	145
2311.55	149
2311.55	162
2311.55	166
2311.55	168
2311.6	23
2311.6	28
2311.6	32
2311.6	53
2311.6	67
2311.6	69
2311.6	101
2311.6	103
2311.6	106
2311.6	115
2311.6	116
2311.6	117
2311.6	121
2311.6	123
2311.6	164
2311.6	165
2311.6	167
2311.6	174
2311.6	184
2311.6	188
2311.6	190
2311.65	37
2311.65	39
2311.65	44
2311.65	55
2311.65	77
2311.65	78
2311.65	84
2311.65	88
2311.65	95
2311.65	99
2311.65	100
2311.65	104
2311.65	105
2311.65	118
2311.65	119
2311.65	122
2311.65	130
2311.65	131
2311.65	139
2311.65	140
2311.65	153
2311.65	154
2311.65	161
2311.65	163
2311.65	169
2311.65	172
2311.65	176
2311.65	177
2311.65	179
2311.65	183
2311.65	195
2311.7	29
2311.7	30
2311.7	40
2311.7	48
2311.7	56
2311.7	61
2311.7	65
2311.7	90
2311.7	91
2311.7	94
2311.7	110
2311.7	113
2311.7	126
2311.7	148
2311.7	152
2311.7	155
2311.7	156
2311.7	175
2311.7	186
2311.7	189
2311.7	191
2311.7	196
2311.75	24
2311.75	41
2311.75	68
2311.75	72
2311.75	97
2311.75	128
2311.75	143
2311.75	146
2311.75	158
2311.75	171
2311.75	181
2311.75	194
2311.75	198
2311.8	70
2311.8	73
2311.8	76
2311.8	82
2311.8	107
2311.8	137
2311.8	141
2311.8	151
2311.85	26
2311.85	46
2311.85	71
2311.85	85
2311.85	102
2311.9	35
2311.9	135
2311.9	199
2311.95	27
2311.95	136
2312	13
2312	14
2312	34
2312	108
2312	134
2312	138
2312.05	142
2312.1	4
2312.1	15
2312.1	81
2312.1	125
2312.1	129
2312.1	132
2312.1	157
2312.1	170
2312.1	187
2312.1	192
2312.15	43
2312.15	86
2312.15	147
2312.15	182
2312.2	51
2312.2	98
2312.25	38
2312.25	120
2312.25	124
2312.3	66
2318.3	3
2319.15	2
2325.35	80
2325.4	9
2325.45	1
2325.6	11
2325.6	47
2325.65	36
2325.7	5
2325.7	197
2325.75	10
2325.75	19
2325.75	21
2325.75	22
2325.75	52
2325.75	54
2325.8	12
2325.8	17
2325.8	20
2325.8	25
2325.8	31
2325.8	50
2325.8	63
2325.8	74
2325.8	83
2325.8	87
2325.8	185
2325.85	0
2325.85	6
2325.85	7
2325.85	42
2325.85	75
2325.85	79
2325.85	133
2325.85	193
2325.9	8
2325.9	16
2325.9	62
2325.9	64
2325.9	96
2325.9	160
2325.9	173
2325.9	180
2325.95	18
2325.95	33
2325.95	49
2325.95	58
2325.95	92
2325.95	93
2325.95	111
2325.95	112
2325.95	144
2325.95	150
2325.95	159
2325.95	178
2326	4
2326	23
2326	45
2326	53
2326	57
2326	59
2326	60
2326	101
2326	109
2326	114
2326	145
2326	149
2326	162
2326	168
2326	184
2326.05	67
2326.05	89
2326.05	103
2326.05	106
2326.05	117
2326.05	123
2326.05	127
2326.05	154
2326.05	163
2326.05	164
2326.05	165
2326.05	166
2326.05	167
2326.05	179
2326.05	188
2326.05	190
2326.1	32
2326.1	37
2326.1	69
2326.1	77
2326.1	78
2326.1	88
2326.1	90
2326.1	99
2326.1	100
2326.1	105
2326.1	115
2326.1	116
2326.1	119
2326.1	130
2326.1	131
2326.1	139
2326.1	140
2326.1	153
2326.1	161
2326.1	169
2326.1	172
2326.1	174
2326.1	176
2326.1	177
2326.1	195
2326.15	28
2326.15	30
2326.15	39
2326.15	40
2326.15	44
2326.15	56
2326.15	68
2326.15	84
2326.15	91
2326.15	94
2326.15	95
2326.15	104
2326.15	110
2326.15	113
2326.15	118
2326.15	121
2326.15	122
2326.15	126
2326.15	148
2326.15	152
2326.15	156
2326.15	158
2326.15	171
2326.15	175
2326.15	181
2326.15	183
2326.15	186
2326.15	189
2326.15	191
2326.2	24
2326.2	29
2326.2	48
2326.2	55
2326.2	61
2326.2	65
2326.2	128
2326.2	141
2326.2	143
2326.2	155
2326.2	194
2326.2	196
2326.2	198
2326.25	41
2326.25	70
2326.25	76
2326.25	82
2326.25	97
2326.25	137
2326.25	146
2326.25	151
2326.3	35
2326.3	46
2326.3	71
2326.3	72
2326.3	85
2326.3	102
2326.3	107
2326.35	14
2326.35	26
2326.35	73
2326.35	134
2326.35	199
2326.4	135
2326.4	136
2326.45	13
2326.45	27
2326.45	34
2326.45	108
2326.45	132
2326.45	142
2326.45	170
2326.5	15
2326.5	81
2326.5	86
2326.5	125
2326.5	129
2326.5	138
2326.5	157
2326.5	187
2326.5	192
2326.55	51
2326.55	182
2326.6	38
2326.6	43
2326.6	98
2326.6	147
2326.65	66
2326.65	120
2326.65	124
2331.9	3
2333.25	2
2339.85	9
2339.9	4
2339.9	80
2339.95	1
2340.05	11
2340.1	47
2340.15	36
2340.15	197
2340.2	5
2340.2	19
2340.2	52
2340.25	10
2340.25	12
2340.25	17
2340.25	20
2340.25	21
2340.25	22
2340.25	25
2340.25	31
2340.25	50
2340.25	63
2340.25	79
2340.25	133
2340.3	6
2340.3	7
2340.3	54
2340.3	62
2340.3	74
2340.3	83
2340.3	87
2340.3	185
2340.3	193
2340.35	0
2340.35	8
2340.35	16
2340.35	42
2340.35	75
2340.35	92
2340.35	160
2340.35	180
2340.4	18
2340.4	23
2340.4	49
2340.4	58
2340.4	64
2340.4	101
2340.4	112
2340.4	150
2340.4	159
2340.4	168
2340.4	173
2340.4	178
2340.45	33
2340.45	45
2340.45	57
2340.45	60
2340.45	93
2340.45	96
2340.45	109
2340.45	111
2340.45	144
2340.45	149
2340.45	162
2340.45	164
2340.45	184
2340.5	53
2340.5	59
2340.5	67
2340.5	103
2340.5	114
2340.5	117
2340.5	123
2340.5	127
2340.5	145
2340.5	154
2340.5	163
2340.5	165
2340.5	166
2340.5	177
2340.5	179
2340.5	188
2340.5	190
2340.55	24
2340.55	30
2340.55	37
2340.55	77
2340.55	78
2340.55	88
2340.55	90
2340.55	99
2340.55	100
2340.55	105
2340.55	106
2340.55	116
2340.55	119
2340.55	130
2340.55	131
2340.55	139
2340.55	140
2340.55	161
2340.55	167
2340.55	169
2340.55	176
2340.55	195
2340.6	32
2340.6	35
2340.6	68
2340.6	69
2340.6	84
2340.6	89
2340.6	94
2340.6	110
2340.6	113
2340.6	115
2340.6	126
2340.6	128
2340.6	148
2340.6	152
2340.6	153
2340.6	156
2340.6	158
2340.6	171
2340.6	172
2340.6	174
2340.6	175
2340.6	181
2340.6	186
2340.6	191
2340.65	28
2340.65	29
2340.65	39
2340.65	40
2340.65	44
2340.65	56
2340.65	91
2340.65	118
2340.65	122
2340.65	141
2340.65	143
2340.65	155
2340.65	183
2340.65	189
2340.65	194
2340.65	196
2340.7	14
2340.7	46
2340.7	48
2340.7	55
2340.7	61
2340.7	65
2340.7	76
2340.7	82
2340.7	95
2340.7	104
2340.7	121
2340.7	134
2340.7	151
2340.7	198
2340.75	41
2340.75	70
2340.75	71
2340.75	85
2340.75	97
2340.75	102
2340.75	107
2340.75	132
2340.75	136
2340.75	137
2340.75	199
2340.8	26
2340.8	34
2340.8	125
2340.8	129
2340.8	146
2340.8	170
2340.8	187
2340.85	13
2340.85	15
2340.85	27
2340.85	72
2340.85	81
2340.85	86
2340.85	135
2340.85	142
2340.85	157
2340.9	51
2340.9	73
2340.9	108
2340.9	182
2340.9	192
2340.95	38
2340.95	98
2340.95	124
2340.95	138
2341	43
2341	66
2341	120
2341	147
2345.45	3
2347.35	2
2353.8	4
2354.35	9
2354.45	80
2354.5	1
2354.5	11
2354.65	19
2354.65	36
2354.65	47
2354.65	52
2354.65	197
2354.7	5
2354.7	10
2354.7	12
2354.7	20
2354.7	25
2354.7	31
2354.7	50
2354.7	79
2354.7	133
2354.75	17
2354.75	21
2354.75	22
2354.75	62
2354.75	63
2354.75	193
2354.8	8
2354.8	42
2354.8	54
2354.8	74
2354.8	83
2354.8	87
2354.8	92
2354.8	160
2354.8	180
2354.85	0
2354.85	6
2354.85	7
2354.85	16
2354.85	18
2354.85	23
2354.85	58
2354.85	64
2354.85	75
2354.85	101
2354.85	112
2354.85	150
2354.85	159
2354.9	24
2354.9	30
2354.9	45
2354.9	49
2354.9	60
2354.9	96
2354.9	162
2354.9	168
2354.9	173
2354.9	184
2354.9	185
2354.95	33
2354.95	35
2354.95	37
2354.95	53
2354.95	57
2354.95	67
2354.95	90
2354.95	93
2354.95	100
2354.95	109
2354.95	111
2354.95	123
2354.95	144
2354.95	149
2354.95	154
2354.95	163
2354.95	164
2354.95	165
2354.95	178
2354.95	179
2354.95	188
2354.95	190
2355	59
2355	68
2355	77
2355	78
2355	94
2355	99
2355	103
2355	105
2355	106
2355	114
2355	116
2355	117
2355	119
2355	127
2355	130
2355	131
2355	134
2355	140
2355	145
2355	161
2355	166
2355	169
2355	175
2355	177
2355	195
2355.05	14
2355.05	46
2355.05	69
2355.05	88
2355.05	110
2355.05	128
2355.05	139
2355.05	143
2355.05	148
2355.05	152
2355.05	153
2355.05	156
2355.05	158
2355.05	171
2355.05	172
2355.05	176
2355.05	191
2355.1	29
2355.1	40
2355.1	44
2355.1	84
2355.1	113
2355.1	118
2355.1	122
2355.1	126
2355.1	132
2355.1	155
2355.1	167
2355.1	174
2355.1	181
2355.1	186
2355.1	189
2355.15	32
2355.15	39
2355.15	48
2355.15	56
2355.15	76
2355.15	81
2355.15	82
2355.15	89
2355.15	91
2355.15	104
2355.15	107
2355.15	115
2355.15	125
2355.15	129
2355.15	136
2355.15	141
2355.15	151
2355.15	157
2355.15	170
2355.15	183
2355.15	187
2355.15	194
2355.15	196
2355.15	198
2355.2	26
2355.2	28
2355.2	34
2355.2	41
2355.2	51
2355.2	61
2355.2	65
2355.2	70
2355.2	71
2355.2	85
2355.2	86
2355.2	102
2355.2	121
2355.2	137
2355.2	142
2355.2	182
2355.2	199
2355.25	13
2355.25	15
2355.25	27
2355.25	38
2355.25	55
2355.25	95
2355.25	97
2355.25	135
2355.25	192
2355.3	66
2355.3	98
2355.3	120
2355.3	124
2355.3	146
2355.35	72
2355.35	108
2355.4	138
2355.45	43
2355.45	73
2355.45	147
2359.05	3
2361.45	2
2367.65	4
2368.9	9
2369	11
2369	80
2369.05	1
2369.1	52
2369.15	19
2369.15	25
2369.15	31
2369.15	36
2369.15	47
2369.15	50
2369.15	79
2369.15	133
2369.15	197
2369.2	8
2369.2	10
2369.2	12
2369.2	20
2369.2	62
2369.2	193
2369.25	5
2369.25	17
2369.25	24
2369.25	30
2369.25	35
2369.25	74
2369.25	92
2369.25	180
2369.3	0
2369.3	21
2369.3	22
2369.3	23
2369.3	42
2369.3	58
2369.3	63
2369.3	83
2369.3	87
2369.3	101
2369.3	159
2369.3	160
2369.35	6
2369.35	7
2369.35	14
2369.35	16
2369.35	18
2369.35	45
2369.35	54
2369.35	64
2369.35	75
2369.35	112
2369.35	134
2369.35	150
2369.35	162
2369.35	168
2369.4	37
2369.4	49
2369.4	53
2369.4	57
2369.4	60
2369.4	67
2369.4	90
2369.4	96
2369.4	100
2369.4	105
2369.4	109
2369.4	111
2369.4	123
2369.4	154
2369.4	163
2369.4	164
2369.4	165
2369.4	184
2369.4	188
2369.4	190
2369.45	46
2369.45	68
2369.45	77
2369.45	78
2369.45	93
2369.45	94
2369.45	99
2369.45	114
2369.45	116
2369.45	117
2369.45	119
2369.45	128
2369.45	130
2369.45	131
2369.45	132
2369.45	139
2369.45	143
2369.45	149
2369.45	161
2369.45	169
2369.45	171
2369.45	172
2369.45	173
2369.45	175
2369.45	177
2369.45	178
2369.45	179
2369.45	185
2369.45	195
2369.5	33
2369.5	81
2369.5	86
2369.5	88
2369.5	103
2369.5	106
2369.5	110
2369.5	125
2369.5	127
2369.5	129
2369.5	136
2369.5	140
2369.5	144
2369.5	148
2369.5	152
2369.5	153
2369.5	156
2369.5	158
2369.5	166
2369.5	170
2369.5	176
2369.5	187
2369.5	191
2369.55	29
2369.55	34
2369.55	40
2369.55	51
2369.55	59
2369.55	69
2369.55	84
2369.55	118
2369.55	122
2369.55	126
2369.55	142
2369.55	145
2369.55	151
2369.55	157
2369.55	181
2369.55	182
2369.55	186
2369.55	189
2369.55	198
2369.6	15
2369.6	26
2369.6	38
2369.6	44
2369.6	48
2369.6	71
2369.6	82
2369.6	104
2369.6	107
2369.6	113
2369.6	141
2369.6	155
2369.6	167
2369.6	174
2369.6	192
2369.6	194
2369.6	196
2369.65	13
2369.65	27
2369.65	41
2369.65	56
2369.65	61
2369.65	66
2369.65	70
2369.65	76
2369.65	85
2369.65	98
2369.65	102
2369.65	120
2369.65	124
2369.65	137
2369.65	199
2369.7	28
2369.7	32
2369.7	39
2369.7	65
2369.7	89
2369.7	91
2369.7	115
2369.7	135
2369.7	183
2369.75	55
2369.75	97
2369.75	108
2369.75	121
2369.8	95
2369.8	138
2369.8	146
2369.85	147
2369.9	43
2369.9	72
2369.95	73
2372.65	3
2375.55	2
2381.6	4
2383.45	9
2383.5	11
2383.6	8
2383.6	19
2383.6	24
2383.6	30
2383.6	31
2383.6	35
2383.6	36
2383.6	52
2383.6	80
2383.6	133
2383.65	1
2383.65	12
2383.65	25
2383.65	47
2383.65	50
2383.65	79
2383.65	193
2383.65	197
2383.7	10
2383.7	14
2383.7	20
2383.7	62
2383.7	134
2383.7	159
2383.75	17
2383.75	42
2383.75	74
2383.75	83
2383.75	92
2383.75	101
2383.75	160
2383.75	180
2383.8	0
2383.8	5
2383.8	23
2383.8	37
2383.8	45
2383.8	46
2383.8	58
2383.8	64
2383.8	67
2383.8	112
2383.8	132
2383.8	150
2383.85	21
2383.85	22
2383.85	53
2383.85	57
2383.85	60
2383.85	63
2383.85	87
2383.85	94
2383.85	99
2383.85	100
2383.85	105
2383.85	125
2383.85	129
2383.85	162
2383.85	168
2383.85	170
2383.85	184
2383.85	187
2383.85	190
2383.9	6
2383.9	7
2383.9	16
2383.9	18
2383.9	34
2383.9	51
2383.9	54
2383.9	68
2383.9	75
2383.9	77
2383.9	78
2383.9	81
2383.9	86
2383.9	90
2383.9	93
2383.9	96
2383.9	109
2383.9	111
2383.9	116
2383.9	123
2383.9	128
2383.9	130
2383.9	136
2383.9	139
2383.9	142
2383.9	143
2383.9	154
2383.9	161
2383.9	163
2383.9	164
2383.9	165
2383.9	169
2383.9	171
2383.9	172
2383.9	175
2383.9	177
2383.9	179
2383.9	182
2383.9	188
2383.9	195
2383.95	15
2383.95	29
2383.95	38
2383.95	49
2383.95	69
2383.95	106
2383.95	110
2383.95	114
2383.95	117
2383.95	119
2383.95	127
2383.95	131
2383.95	140
2383.95	148
2383.95	149
2383.95	152
2383.95	153
2383.95	156
2383.95	157
2383.95	158
2383.95	173
2383.95	176
2384	26
2384	33
2384	40
2384	66
2384	82
2384	84
2384	88
2384	98
2384	103
2384	107
2384	118
2384	120
2384	122
2384	151
2384	166
2384	178
2384	181
2384	186
2384	189
2384	191
2384	192
2384	198
2384.05	27
2384.05	44
2384.05	48
2384.05	71
2384.05	104
2384.05	124
2384.05	126
2384.05	141
2384.05	155
2384.05	196
2384.05	199
2384.1	13
2384.1	41
2384.1	59
2384.1	61
2384.1	70
2384.1	85
2384.1	102
2384.1	113
2384.1	135
2384.1	137
2384.1	144
2384.1	145
2384.1	185
2384.1	194
2384.15	76
2384.15	108
2384.15	167
2384.15	174
2384.2	39
2384.2	56
2384.2	91
2384.2	183
2384.25	28
2384.25	32
2384.25	65
2384.25	89
2384.25	115
2384.25	138
2384.3	55
2384.3	97
2384.3	121
2384.3	146
2384.35	43
2384.35	147
2384.4	95
2384.45	72
2384.5	73
2386.2	3
2389.65	2
2395.5	4
2398	8
2398	24
2398	30
2398	35
2398.05	9
2398.05	11
2398.1	14
2398.1	19
2398.1	31
2398.1	52
2398.1	133
2398.1	134
2398.15	12
2398.15	25
2398.15	36
2398.15	46
2398.15	47
2398.15	50
2398.15	79
2398.15	80
2398.15	132
2398.15	159
2398.15	193
2398.15	197
2398.2	20
2398.2	42
2398.2	62
2398.2	74
2398.2	187
2398.25	1
2398.25	10
2398.25	37
2398.25	58
2398.25	67
2398.25	83
2398.25	92
2398.25	101
2398.25	105
2398.25	125
2398.25	129
2398.25	142
2398.25	160
2398.25	170
2398.25	180
2398.25	182
2398.3	0
2398.3	17
2398.3	23
2398.3	34
2398.3	38
2398.3	45
2398.3	51
2398.3	53
2398.3	64
2398.3	81
2398.3	86
2398.3	94
2398.3	99
2398.3	100
2398.3	112
2398.3	150
2398.3	190
2398.35	5
2398.35	15
2398.35	29
2398.35	57
2398.35	60
2398.35	66
2398.35	77
2398.35	78
2398.35	93
2398.35	96
2398.35	109
2398.35	111
2398.35	116
2398.35	123
2398.35	128
2398.35	130
2398.35	136
2398.35	139
2398.35	143
2398.35	153
2398.35	154
2398.35	157
2398.35	162
2398.35	164
2398.35	165
2398.35	168
2398.35	169
2398.35	172
2398.35	177
2398.35	184
2398.35	195
2398.4	26
2398.4	63
2398.4	68
2398.4	69
2398.4	75
2398.4	87
2398.4	90
2398.4	106
2398.4	110
2398.4	114
2398.4	119
2398.4	120
2398.4	148
2398.4	149
2398.4	152
2398.4	156
2398.4	158
2398.4	161
2398.4	163
2398.4	171
2398.4	175
2398.4	176
2398.4	188
2398.45	6
2398.45	7
2398.45	16
2398.45	18
2398.45	27
2398.45	40
2398.45	71
2398.45	82
2398.45	84
2398.45	98
2398.45	107
2398.45	117
2398.45	118
2398.45	122
2398.45	124
2398.45	127
2398.45	131
2398.45	140
2398.45	151
2398.45	179
2398.45	181
2398.45	189
2398.45	191
2398.45	192
2398.45	198
2398.5	21
2398.5	22
2398.5	48
2398.5	49
2398.5	54
2398.5	102
2398.5	103
2398.5	104
2398.5	126
2398.5	135
2398.5	137
2398.5	141
2398.5	155
2398.5	173
2398.5	186
2398.5	196
2398.5	199
2398.55	13
2398.55	33
2398.55	41
2398.55	44
2398.55	61
2398.55	70
2398.55	88
2398.55	108
2398.55	166
2398.55	178
2398.6	85
2398.6	113
2398.6	194
2398.65	59
2398.65	76
2398.65	138
2398.65	144
2398.65	145
2398.65	167
2398.7	174
2398.7	185
2398.75	32
2398.75	39
2398.75	56
2398.75	65
2398.75	91
2398.75	183
2398.8	28
2398.8	89
2398.8	97
2398.8	115
2398.8	121
2398.8	147
2398.85	43
2398.85	55
2398.85	146
2398.95	72
2398.95	95
2399	73
2399.8	3
2403.75	2
2409.4	4
2412.4	24
2412.4	30
2412.45	8
2412.45	35
2412.55	14
2412.55	31
2412.55	46
2412.55	132
2412.55	134
2412.6	11
2412.6	19
2412.6	133
2412.6	159
2412.6	182
2412.6	187
2412.6	193
2412.65	25
2412.65	36
2412.65	38
2412.65	47
2412.65	50
2412.65	52
2412.65	74
2412.65	129
2412.65	142
2412.65	170
2412.7	9
2412.7	12
2412.7	37
2412.7	42
2412.7	62
2412.7	66
2412.7	67
2412.7	79
2412.7	81
2412.7	83
2412.7	86
2412.7	105
2412.7	125
2412.7	197
2412.75	10
2412.75	15
2412.75	20
2412.75	34
2412.75	45
2412.75	51
2412.75	53
2412.75	80
2412.75	92
2412.75	94
2412.75	99
2412.75	100
2412.75	101
2412.75	153
2412.75	160
2412.75	172
2412.8	23
2412.8	26
2412.8	29
2412.8	57
2412.8	58
2412.8	64
2412.8	77
2412.8	78
2412.8	93
2412.8	96
2412.8	109
2412.8	111
2412.8	112
2412.8	116
2412.8	120
2412.8	128
2412.8	136
2412.8	139
2412.8	143
2412.8	150
2412.8	157
2412.8	169
2412.8	180
2412.8	190
2412.85	0
2412.85	60
2412.85	69
2412.85	84
2412.85	90
2412.85	98
2412.85	110
2412.85	122
2412.85	123
2412.85	130
2412.85	148
2412.85	154
2412.85	156
2412.85	161
2412.85	162
2412.85	164
2412.85	165
2412.85	168
2412.85	171
2412.85	175
2412.85	176
2412.85	177
2412.85	184
2412.85	188
2412.85	195
2412.85	198
2412.9	1
2412.9	17
2412.9	27
2412.9	40
2412.9	48
2412.9	68
2412.9	71
2412.9	82
2412.9	106
2412.9	107
2412.9	114
2412.9	117
2412.9	118
2412.9	119
2412.9	124
2412.9	140
2412.9	149
2412.9	151
2412.9	152
2412.9	158
2412.9	181
2412.9	189
2412.9	192
2412.95	5
2412.95	75
2412.95	87
2412.95	102
2412.95	104
2412.95	108
2412.95	131
2412.95	135
2412.95	137
2412.95	155
2412.95	163
2412.95	179
2412.95	191
2412.95	196
2412.95	199
2413	16
2413	18
2413	41
2413	61
2413	63
2413	70
2413	126
2413	127
2413	141
2413	186
2413.05	6
2413.05	7
2413.05	13
2413.05	33
2413.05	44
2413.05	54
2413.05	85
2413.05	88
2413.05	103
2413.05	166
2413.05	173
2413.05	178
2413.1	21
2413.1	22
2413.1	49
2413.1	138
2413.15	76
2413.15	113
2413.15	194
2413.2	59
2413.2	145
2413.2	167
2413.25	39
2413.25	65
2413.25	91
2413.25	144
2413.25	147
2413.25	174
2413.3	28
2413.3	32
2413.3	43
2413.3	56
2413.3	121
2413.3	146
2413.3	183
2413.35	89
2413.35	97
2413.35	115
2413.35	185
2413.4	3
2413.4	55
2413.45	72
2413.45	73
2413.45	95
2417.9	2
2423.35	4
2426.8	30
2426.85	24
2426.9	35
2426.95	3
2426.95	8
2427	14
2427	46
2427	132
2427	142
2427	182
2427.05	31
2427.05	134
2427.05	159
2427.05	187
2427.1	38
2427.1	66
2427.1	74
2427.1	129
2427.1	170
2427.1	193
2427.15	11
2427.15	19
2427.15	25
2427.15	34
2427.15	36
2427.15	42
2427.15	47
2427.15	50
2427.15	52
2427.15	67
2427.15	81
2427.15	105
2427.15	125
2427.15	133
2427.2	15
2427.2	37
2427.2	51
2427.2	83
2427.2	86
2427.2	99
2427.2	153
2427.2	172
2427.25	12
2427.25	20
2427.25	26
2427.25	29
2427.25	45
2427.25	53
2427.25	62
2427.25	78
2427.25	79
2427.25	94
2427.25	100
2427.25	111
2427.25	116
2427.25	120
2427.25	139
2427.25	143
2427.25	150
2427.25	190
2427.25	197
2427.3	9
2427.3	10
2427.3	57
2427.3	58
2427.3	69
2427.3	71
2427.3	77
2427.3	80
2427.3	84
2427.3	92
2427.3	93
2427.3	96
2427.3	101
2427.3	109
2427.3	112
2427.3	122
2427.3	128
2427.3	136
2427.3	148
2427.3	156
2427.3	157
2427.3	160
2427.3	169
2427.3	180
2427.3	195
2427.3	198
2427.35	0
2427.35	23
2427.35	27
2427.35	48
2427.35	60
2427.35	64
2427.35	82
2427.35	98
2427.35	106
2427.35	107
2427.35	108
2427.35	110
2427.35	114
2427.35	118
2427.35	123
2427.35	124
2427.35	130
2427.35	158
2427.35	161
2427.35	165
2427.35	171
2427.35	175
2427.35	176
2427.35	177
2427.35	184
2427.35	188
2427.35	189
2427.35	192
2427.4	17
2427.4	40
2427.4	90
2427.4	102
2427.4	104
2427.4	119
2427.4	135
2427.4	137
2427.4	140
2427.4	149
2427.4	151
2427.4	152
2427.4	154
2427.4	155
2427.4	162
2427.4	164
2427.4	168
2427.4	181
2427.4	196
2427.4	199
2427.45	1
2427.45	5
2427.45	13
2427.45	41
2427.45	61
2427.45	68
2427.45	87
2427.45	117
2427.45	131
2427.45	141
2427.45	191
2427.5	6
2427.5	7
2427.5	16
2427.5	18
2427.5	33
2427.5	63
2427.5	70
2427.5	75
2427.5	85
2427.5	126
2427.5	127
2427.5	163
2427.5	173
2427.5	178
2427.5	179
2427.5	186
2427.55	44
2427.55	54
2427.55	88
2427.55	103
2427.55	138
2427.55	166
2427.6	49
2427.6	65
2427.65	21
2427.65	22
2427.65	39
2427.65	43
2427.65	59
2427.65	91
2427.65	113
2427.65	145
2427.65	147
2427.65	167
2427.65	194
2427.7	28
2427.7	32
2427.7	76
2427.7	121
2427.7	144
2427.7	146
2427.7	174
2427.7	183
2427.75	56
2427.75	89
2427.75	97
2427.8	55
2427.8	73
2427.8	115
2427.85	72
2427.85	95
2427.85	185
2432.05	2
2437.3	4
2440.55	3
2441.25	30
2441.3	24
2441.4	8
2441.4	35
2441.4	46
2441.4	142
2441.4	182
2441.5	14
2441.5	38
2441.5	132
2441.5	159
2441.5	187
2441.55	66
2441.55	74
2441.55	134
2441.6	31
2441.6	105
2441.6	125
2441.6	129
2441.6	170
2441.6	193
2441.65	15
2441.65	34
2441.65	37
2441.65	42
2441.65	67
2441.65	81
2441.65	86
2441.65	99
2441.65	120
2441.65	153
2441.7	11
2441.7	19
2441.7	25
2441.7	26
2441.7	36
2441.7	45
2441.7	47
2441.7	50
2441.7	51
2441.7	52
2441.7	78
2441.7	83
2441.7	94
2441.7	116
2441.7	133
2441.7	172
2441.75	0
2441.75	29
2441.75	53
2441.75	69
2441.75	71
2441.75	80
2441.75	100
2441.75	109
2441.75	111
2441.75	122
2441.75	128
2441.75	136
2441.75	139
2441.75	143
2441.75	148
2441.75	150
2441.75	156
2441.75	157
2441.75	169
2441.75	190
2441.75	198
2441.8	9
2441.8	12
2441.8	13
2441.8	17
2441.8	20
2441.8	27
2441.8	48
2441.8	57
2441.8	58
2441.8	62
2441.8	77
2441.8	79
2441.8	84
2441.8	92
2441.8	93
2441.8	96
2441.8	98
2441.8	101
2441.8	107
2441.8	108
2441.8	110
2441.8	112
2441.8	118
2441.8	124
2441.8	160
2441.8	161
2441.8	171
2441.8	177
2441.8	189
2441.8	192
2441.8	195
2441.8	197
2441.85	10
2441.85	33
2441.85	64
2441.85	82
2441.85	87
2441.85	102
2441.85	104
2441.85	106
2441.85	114
2441.85	123
2441.85	130
2441.85	135
2441.85	137
2441.85	151
2441.85	152
2441.85	158
2441.85	165
2441.85	175
2441.85	176
2441.85	178
2441.85	180
2441.85	184
2441.85	188
2441.85	196
2441.9	1
2441.9	5
2441.9	16
2441.9	18
2441.9	23
2441.9	40
2441.9	41
2441.9	60
2441.9	61
2441.9	63
2441.9	90
2441.9	117
2441.9	119
2441.9	140
2441.9	149
2441.9	154
2441.9	155
2441.9	162
2441.9	164
2441.9	168
2441.9	173
2441.9	181
2441.9	191
2441.9	199
2441.95	6
2441.95	7
2441.95	43
2441.95	54
2441.95	65
2441.95	68
2441.95	70
2441.95	126
2441.95	131
2441.95	141
2441.95	147
2441.95	186
2442	39
2442	49
2442	85
2442	91
2442	138
2442	146
2442	163
2442	167
2442	179
2442.05	44
2442.05	59
2442.05	75
2442.05	88
2442.05	103
2442.05	121
2442.05	127
2442.05	144
2442.05	145
2442.05	166
2442.05	174
2442.05	183
2442.1	21
2442.1	22
2442.1	28
2442.1	32
2442.1	56
2442.1	89
2442.15	55
2442.15	73
2442.15	76
2442.15	97
2442.15	113
2442.15	115
2442.15	194
2442.2	72
2442.2	95
2442.3	185
2446.25	2
2451.2	4
2454.15	3
2455.75	30
2455.8	24
2455.85	46
2455.85	142
2455.85	182
2455.9	8
2455.9	35
2455.95	14
2455.95	38
2455.95	132
2455.95	187
2456	66
2456	159
2456.05	74
2456.05	125
2456.05	129
2456.05	134
2456.05	153
2456.05	170
2456.1	15
2456.1	31
2456.1	34
2456.1	81
2456.1	86
2456.1	105
2456.1	120
2456.1	193
2456.15	0
2456.15	26
2456.15	37
2456.15	51
2456.15	67
2456.15	78
2456.15	99
2456.15	116
2456.15	172
2456.2	13
2456.2	17
2456.2	29
2456.2	33
2456.2	42
2456.2	45
2456.2	47
2456.2	52
2456.2	69
2456.2	80
2456.2	83
2456.2	87
2456.2	94
2456.2	100
2456.2	108
2456.2	111
2456.2	122
2456.2	139
2456.2	156
2456.2	198
2456.25	5
2456.25	16
2456.25	19
2456.25	25
2456.25	36
2456.25	48
2456.25	50
2456.25	53
2456.25	71
2456.25	84
2456.25	93
2456.25	96
2456.25	98
2456.25	107
2456.25	109
2456.25	124
2456.25	128
2456.25	133
2456.25	136
2456.25	143
2456.25	148
2456.25	150
2456.25	157
2456.25	160
2456.25	169
2456.25	173
2456.25	178
2456.25	190
2456.25	192
2456.25	195
2456.3	6
2456.3	7
2456.3	9
2456.3	11
2456.3	12
2456.3	18
2456.3	27
2456.3	43
2456.3	57
2456.3	58
2456.3	62
2456.3	63
2456.3	65
2456.3	77
2456.3	79
2456.3	82
2456.3	92
2456.3	101
2456.3	102
2456.3	106
2456.3	110
2456.3	112
2456.3	118
2456.3	123
2456.3	130
2456.3	135
2456.3	137
2456.3	147
2456.3	158
2456.3	161
2456.3	165
2456.3	171
2456.3	175
2456.3	176
2456.3	177
2456.3	180
2456.3	184
2456.3	188
2456.3	189
2456.3	196
2456.35	1
2456.35	20
2456.35	23
2456.35	39
2456.35	40
2456.35	41
2456.35	54
2456.35	61
2456.35	64
2456.35	90
2456.35	91
2456.35	104
2456.35	114
2456.35	119
2456.35	140
2456.35	146
2456.35	151
2456.35	152
2456.35	154
2456.35	155
2456.35	167
2456.35	168
2456.35	181
2456.35	197
2456.35	199
2456.4	10
2456.4	49
2456.4	59
2456.4	60
2456.4	68
2456.4	117
2456.4	121
2456.4	126
2456.4	131
2456.4	141
2456.4	145
2456.4	149
2456.4	162
2456.4	164
2456.4	183
2456.4	191
2456.45	28
2456.45	32
2456.45	70
2456.45	73
2456.45	85
2456.45	89
2456.45	138
2456.45	144
2456.45	174
2456.45	186
2456.5	21
2456.5	22
2456.5	44
2456.5	55
2456.5	56
2456.5	72
2456.5	88
2456.5	95
2456.5	97
2456.5	103
2456.5	115
2456.5	163
2456.5	179
2456.55	75
2456.55	127
2456.55	166
2456.6	76
2456.6	113
2456.6	194
2456.75	185
2460.4	2
2465.2	4
2467.7	3
2470.3	24
2470.3	30
2470.35	46
2470.35	142
2470.35	182
2470.45	8
2470.45	35
2470.45	38
2470.45	132
2470.5	14
2470.5	66
2470.5	153
2470.5	187
2470.55	13
2470.55	74
2470.55	125
2470.55	129
2470.55	159
2470.55	170
2470.6	0
2470.6	15
2470.6	33
2470.6	34
2470.6	80
2470.6	81
2470.6	86
2470.6	87
2470.6	99
2470.6	105
2470.6	116
2470.6	120
2470.6	134
2470.6	172
2470.6	178
2470.65	5
2470.65	16
2470.65	17
2470.65	18
2470.65	26
2470.65	31
2470.65	37
2470.65	43
2470.65	45
2470.65	51
2470.65	65
2470.65	67
2470.65	78
2470.65	100
2470.65	108
2470.65	122
2470.65	139
2470.65	147
2470.65	173
2470.65	193
2470.7	6
2470.7	7
2470.7	29
2470.7	42
2470.7	47
2470.7	52
2470.7	53
2470.7	63
2470.7	69
2470.7	71
2470.7	83
2470.7	91
2470.7	94
2470.7	96
2470.7	107
2470.7	109
2470.7	111
2470.7	136
2470.7	143
2470.7	146
2470.7	148
2470.7	150
2470.7	156
2470.7	157
2470.7	167
2470.7	169
2470.7	198
2470.75	9
2470.75	12
2470.75	25
2470.75	36
2470.75	39
2470.75	48
2470.75	50
2470.75	58
2470.75	61
2470.75	77
2470.75	84
2470.75	93
2470.75	98
2470.75	101
2470.75	106
2470.75	118
2470.75	121
2470.75	123
2470.75	124
2470.75	128
2470.75	130
2470.75	133
2470.75	135
2470.75	137
2470.75	158
2470.75	160
2470.75	161
2470.75	175
2470.75	177
2470.75	190
2470.75	192
2470.75	195
2470.75	196
2470.8	1
2470.8	19
2470.8	23
2470.8	27
2470.8	28
2470.8	32
2470.8	40
2470.8	41
2470.8	49
2470.8	54
2470.8	57
2470.8	59
2470.8	62
2470.8	73
2470.8	79
2470.8	82
2470.8	89
2470.8	90
2470.8	92
2470.8	102
2470.8	104
2470.8	110
2470.8	112
2470.8	114
2470.8	144
2470.8	145
2470.8	151
2470.8	152
2470.8	155
2470.8	165
2470.8	168
2470.8	171
2470.8	176
2470.8	180
2470.8	181
2470.8	183
2470.8	184
2470.8	188
2470.8	189
2470.8	199
2470.85	11
2470.85	55
2470.85	56
2470.85	64
2470.85	68
2470.85	72
2470.85	85
2470.85	95
2470.85	97
2470.85	117
2470.85	119
2470.85	126
2470.85	131
2470.85	138
2470.85	140
2470.85	141
2470.85	149
2470.85	154
2470.85	164
2470.85	174
2470.85	191
2470.9	10
2470.9	20
2470.9	60
2470.9	70
2470.9	115
2470.9	162
2470.9	186
2470.9	197
2470.95	21
2470.95	22
2470.95	44
2470.95	88
2470.95	103
2470.95	163
2470.95	179
2471	113
2471	166
2471	194
2471.05	75
2471.05	76
2471.05	127
2471.2	185
2474.6	2
2479.15	4
2481.3	3
2484.8	30
2484.8	46
2484.8	142
2484.85	24
2484.85	182
2484.9	38
2484.95	8
2484.95	13
2484.95	132
2484.95	153
2485	0
2485	14
2485	33
2485	35
2485	65
2485	66
2485	87
2485	125
2485	147
2485	170
2485	178
2485	187
2485.05	6
2485.05	7
2485.05	15
2485.05	34
2485.05	43
2485.05	74
2485.05	80
2485.05	81
2485.05	86
2485.05	108
2485.05	120
2485.05	129
2485.05	134
2485.05	146
2485.05	159
2485.05	167
2485.05	172
2485.1	5
2485.1	16
2485.1	17
2485.1	18
2485.1	37
2485.1	45
2485.1	51
2485.1	67
2485.1	91
2485.1	99
2485.1	100
2485.1	105
2485.1	116
2485.1	122
2485.1	139
2485.1	173
2485.15	26
2485.15	29
2485.15	31
2485.15	39
2485.15	63
2485.15	69
2485.15	73
2485.15	78
2485.15	94
2485.15	107
2485.15	111
2485.15	121
2485.15	136
2485.15	137
2485.15	150
2485.15	156
2485.15	157
2485.15	193
2485.15	198
2485.2	9
2485.2	12
2485.2	25
2485.2	28
2485.2	32
2485.2	47
2485.2	48
2485.2	49
2485.2	52
2485.2	53
2485.2	54
2485.2	56
2485.2	58
2485.2	59
2485.2	61
2485.2	71
2485.2	83
2485.2	84
2485.2	89
2485.2	93
2485.2	95
2485.2	96
2485.2	97
2485.2	98
2485.2	101
2485.2	106
2485.2	109
2485.2	123
2485.2	124
2485.2	130
2485.2	143
2485.2	144
2485.2	145
2485.2	148
2485.2	158
2485.2	160
2485.2	161
2485.2	169
2485.2	175
2485.2	183
2485.2	192
2485.2	195
2485.2	196
2485.25	1
2485.25	23
2485.25	40
2485.25	41
2485.25	42
2485.25	50
2485.25	55
2485.25	57
2485.25	62
2485.25	72
2485.25	77
2485.25	79
2485.25	82
2485.25	90
2485.25	102
2485.25	110
2485.25	115
2485.25	118
2485.25	128
2485.25	135
2485.25	138
2485.25	151
2485.25	152
2485.25	155
2485.25	165
2485.25	168
2485.25	171
2485.25	174
2485.25	176
2485.25	177
2485.25	180
2485.25	181
2485.25	188
2485.25	189
2485.25	190
2485.25	199
2485.3	27
2485.3	36
2485.3	64
2485.3	68
2485.3	85
2485.3	92
2485.3	104
2485.3	112
2485.3	114
2485.3	117
2485.3	119
2485.3	126
2485.3	131
2485.3	133
2485.3	140
2485.3	141
2485.3	149
2485.3	154
2485.3	164
2485.3	184
2485.3	186
2485.35	11
2485.35	19
2485.35	70
2485.35	88
2485.35	162
2485.35	179
2485.35	191
2485.4	10
2485.4	20
2485.4	21
2485.4	22
2485.4	44
2485.4	60
2485.4	103
2485.4	163
2485.45	76
2485.45	113
2485.45	194
2485.45	197
2485.5	127
2485.5	166
2485.55	75
2485.65	185
2488.85	2
2493.1	4
2494.9	3
2499.3	46
2499.3	142
2499.35	24
2499.35	30
2499.4	13
2499.4	38
2499.4	43
2499.4	147
2499.4	182
2499.45	0
2499.45	15
2499.45	33
2499.45	65
2499.45	87
2499.45	132
2499.45	153
2499.45	167
2499.45	178
2499.5	5
2499.5	6
2499.5	7
2499.5	8
2499.5	14
2499.5	16
2499.5	18
2499.5	66
2499.5	86
2499.5	91
2499.5	108
2499.5	120
2499.5	125
2499.5	146
2499.5	170
2499.5	187
2499.55	17
2499.55	34
2499.55	35
2499.55	39
2499.55	45
2499.55	51
2499.55	73
2499.55	74
2499.55	80
2499.55	81
2499.55	95
2499.55	100
2499.55	105
2499.55	116
2499.55	121
2499.55	129
2499.55	134
2499.55	172
2499.55	173
2499.6	28
2499.6	32
2499.6	37
2499.6	49
2499.6	56
2499.6	59
2499.6	63
2499.6	67
2499.6	89
2499.6	97
2499.6	99
2499.6	106
2499.6	107
2499.6	122
2499.6	136
2499.6	137
2499.6	139
2499.6	157
2499.6	159
2499.6	175
2499.6	183
2499.65	23
2499.65	26
2499.65	29
2499.65	31
2499.65	52
2499.65	53
2499.65	54
2499.65	55
2499.65	58
2499.65	61
2499.65	69
2499.65	71
2499.65	72
2499.65	78
2499.65	94
2499.65	96
2499.65	98
2499.65	109
2499.65	111
2499.65	115
2499.65	123
2499.65	124
2499.65	130
2499.65	138
2499.65	143
2499.65	144
2499.65	145
2499.65	148
2499.65	150
2499.65	156
2499.65	158
2499.65	168
2499.65	169
2499.65	180
2499.65	192
2499.65	193
2499.65	195
2499.65	198
2499.7	1
2499.7	9
2499.7	12
2499.7	25
2499.7	40
2499.7	41
2499.7	47
2499.7	48
2499.7	57
2499.7	77
2499.7	83
2499.7	84
2499.7	90
2499.7	93
2499.7	101
2499.7	102
2499.7	117
2499.7	118
2499.7	135
2499.7	152
2499.7	155
2499.7	160
2499.7	161
2499.7	165
2499.7	171
2499.7	174
2499.7	176
2499.7	177
2499.7	181
2499.7	188
2499.7	189
2499.7	190
2499.7	196
2499.7	199
2499.75	42
2499.75	62
2499.75	68
2499.75	79
2499.75	82
2499.75	85
2499.75	92
2499.75	110
2499.75	114
2499.75	119
2499.75	126
2499.75	128
2499.75	131
2499.75	140
2499.75	141
2499.75	149
2499.75	151
2499.75	164
2499.75	184
2499.75	186
2499.8	27
2499.8	36
2499.8	50
2499.8	64
2499.8	70
2499.8	88
2499.8	103
2499.8	104
2499.8	112
2499.8	154
2499.8	162
2499.8	163
2499.8	179
2499.8	191
2499.85	19
2499.85	44
2499.85	76
2499.85	113
2499.85	133
2499.85	194
2499.9	10
2499.9	11
2499.9	20
2499.9	21
2499.9	22
2499.9	60
2499.95	197
