0.1769
0.385
0.6309
0.5671
0.5764
0.5842
0.8571
0.5376
0.7608
0.1644
0.1451
0.1243
0.1765
0.0085
0.3079
0.5286
0.847
0.4329
0.1799
0.8854
0.9185
0.1168
0.7057
0.8515
0.2925
0.9346
0.9716
0.4278
0.4722
0.3863
0.2355
0.1286
0.9539
0.9245
0.4984
0.9017
0.5734
0.9516
0.3246
0.9756
0.0468
0.3072
0.8583
0.1516
0.4493
0.5905
0.6944
0.3259
0.5051
0.7252
0.92
0.185
0.9807
0.3406
0.7852
0.9585
0.403
0.8546
0.4087
0.6498
0.5082
0.1324
0.0511
0.0548
0.6498
0.9512
0.4622
0.9885
0.5785
0.6427
0.227
0.2651
0.9952
0.6591
0.1532
0.8097
0.4922
0.4618
0.5643
0.6809
0.3837
0.5413
0.5182
0.0731
0.2475
0.4857
0.0432
0.7684
0.2966
0.2051
0.7271
0.8491
0.1157
0.9307
0.6327
0.9846
0.5299
0.2912
0.3092
0.2914

